0.000000000000000000e+00
3.750000000000000000e+02
7.500000000000000000e+02
1.125000000000000000e+03
1.500000000000000000e+03
1.875000000000000000e+03
2.250000000000000000e+03
2.625000000000000000e+03
3.000000000000000000e+03
3.375000000000000000e+03
3.750000000000000000e+03
4.125000000000000000e+03
4.500000000000000000e+03
4.875000000000000000e+03
5.250000000000000000e+03
5.625000000000000000e+03
6.000000000000000000e+03
6.375000000000000000e+03
6.750000000000000000e+03
7.125000000000000000e+03
7.500000000000000000e+03
7.875000000000000000e+03
8.250000000000000000e+03
8.625000000000000000e+03
9.000000000000000000e+03
9.375000000000000000e+03
9.750000000000000000e+03
1.012500000000000000e+04
1.050000000000000000e+04
1.087500000000000000e+04
1.125000000000000000e+04
1.162500000000000000e+04
1.200000000000000000e+04
1.237500000000000000e+04
1.275000000000000000e+04
1.312500000000000000e+04
1.350000000000000000e+04
1.387500000000000000e+04
1.425000000000000000e+04
1.462500000000000000e+04
1.500000000000000000e+04
1.537500000000000000e+04
1.575000000000000000e+04
1.612500000000000000e+04
1.650000000000000000e+04
1.687500000000000000e+04
1.725000000000000000e+04
1.762500000000000000e+04
1.800000000000000000e+04
1.837500000000000000e+04
1.875000000000000000e+04
1.912500000000000000e+04
1.950000000000000000e+04
1.987500000000000000e+04
2.025000000000000000e+04
2.062500000000000000e+04
2.100000000000000000e+04
2.137500000000000000e+04
2.175000000000000000e+04
2.212500000000000000e+04
2.250000000000000000e+04
2.287500000000000000e+04
2.325000000000000000e+04
2.362500000000000000e+04
2.400000000000000000e+04
2.437500000000000000e+04
2.475000000000000000e+04
2.512500000000000000e+04
2.550000000000000000e+04
2.587500000000000000e+04
2.625000000000000000e+04
2.662500000000000000e+04
2.700000000000000000e+04
2.737500000000000000e+04
2.775000000000000000e+04
2.812500000000000000e+04
2.850000000000000000e+04
2.887500000000000000e+04
2.925000000000000000e+04
2.962500000000000000e+04
3.000000000000000000e+04
3.037500000000000000e+04
3.075000000000000000e+04
3.112500000000000000e+04
3.150000000000000000e+04
3.187500000000000000e+04
3.225000000000000000e+04
3.262500000000000000e+04
3.300000000000000000e+04
3.337500000000000000e+04
3.375000000000000000e+04
3.412500000000000000e+04
3.450000000000000000e+04
3.487500000000000000e+04
3.525000000000000000e+04
3.562500000000000000e+04
3.600000000000000000e+04
3.637500000000000000e+04
3.675000000000000000e+04
3.712500000000000000e+04
3.750000000000000000e+04
3.787500000000000000e+04
3.825000000000000000e+04
3.862500000000000000e+04
3.900000000000000000e+04
3.937500000000000000e+04
3.975000000000000000e+04
4.012500000000000000e+04
4.050000000000000000e+04
4.087500000000000000e+04
4.125000000000000000e+04
4.162500000000000000e+04
4.200000000000000000e+04
4.237500000000000000e+04
4.275000000000000000e+04
4.312500000000000000e+04
4.350000000000000000e+04
4.387500000000000000e+04
4.425000000000000000e+04
4.462500000000000000e+04
4.500000000000000000e+04
4.537500000000000000e+04
4.575000000000000000e+04
4.612500000000000000e+04
4.650000000000000000e+04
4.687500000000000000e+04
4.725000000000000000e+04
4.762500000000000000e+04
4.800000000000000000e+04
