1.957257327887211150e-04
1.157277239112514903e-03
3.034415834885497484e-03
4.152594151795559532e-03
1.991342046261511227e-03
-3.728073055145179372e-03
-9.804383665282948371e-03
-1.188288875571224743e-02
-7.961159752519866503e-03
7.118747213052963973e-05
7.912263852654942420e-03
1.188728542672924833e-02
1.107027043916016841e-02
7.124668705123704017e-03
2.536067837143116468e-03
-1.059955679261524210e-03
-3.332496513039920772e-03
-4.651382363508765536e-03
-5.324980041908496629e-03
-5.326292842885250144e-03
-4.493462513099367832e-03
-2.847941100948493589e-03
-7.655344828868931297e-04
1.090600489744389520e-03
2.146495908654454630e-03
2.399852428903574177e-03
2.407308760384235975e-03
2.629929982287123203e-03
2.874409405155853390e-03
2.531535720899883747e-03
1.309084299295394964e-03
-4.288447805490165372e-04
-1.948562893301811032e-03
-2.578586148841057434e-03
-2.049330478933440464e-03
-7.926305844084360376e-04
1.820828647077730729e-04
1.242550689917268640e-04
-7.413560379348002475e-04
-1.508311048126834359e-03
-1.437598964550140497e-03
-4.553612874081197030e-04
9.084553574068607957e-04
1.937355029666107441e-03
2.208762257405311007e-03
1.802798788886183796e-03
1.130362032334154875e-03
5.344495086324494099e-04
1.061365891537874979e-05
-6.251743815679620562e-04
-1.314594505145364649e-03
-1.696822655335721844e-03
-1.545126571626068927e-03
-1.034369107105019992e-03
-4.598267753050572270e-04
7.158941218074477142e-05
5.787452822535363826e-04
1.001013564944134475e-03
1.187067597251277064e-03
1.153298365547760548e-03
1.147154372336791229e-03
1.161466856937802940e-03
6.541420975284637385e-04
-7.661349793727882922e-04
-2.479945219233314121e-03
-3.141816436109522159e-03
-1.993863761013636889e-03
2.608809128160897604e-04
2.044337475194647757e-03
2.288022284630753661e-03
1.169025235981726099e-03
-2.193131654107367628e-04
-6.811690972971382518e-04
1.830517783865756468e-04
1.462928638907560379e-03
1.576920929676449857e-03
-1.616261479525417388e-04
-2.631454701836005629e-03
-3.796225166901863284e-03
-2.574743792766578075e-03
2.356488533142290414e-04
2.802712463288074309e-03
3.795893522550634110e-03
3.064365178381846938e-03
1.230446795108991942e-03
-8.863380162172124384e-04
-2.493154142314653581e-03
-2.972458885294517687e-03
-2.165875203746389383e-03
-5.416641078597069208e-04
9.918142665752850001e-04
1.578772462916767190e-03
9.892234120758953368e-04
-8.932402782329960022e-05
-4.989400673981088125e-04
2.936926856680721447e-04
1.584558119136070600e-03
2.097577966914420267e-03
1.185219106418570947e-03
-6.464095056786511037e-04
-2.211139820689246582e-03
-2.555168434970860134e-03
-1.640600867379469769e-03
-2.988936050311041554e-04
5.892339027066304620e-04
8.133134236740389642e-04
7.025892993035788743e-04
5.770194478404159144e-04
5.448753921115441923e-04
6.166080421239693949e-04
6.467465046769098726e-04
3.239625788158409731e-04
-3.573706419474434199e-04
-8.211433179822808957e-04
-5.186752692788610536e-04
3.176932501748145352e-04
8.105986107782003078e-04
3.321145512677921557e-04
-8.129961804524389818e-04
-1.638726156587427775e-03
-1.431398986683857840e-03
-3.933947465631100872e-04
6.670931413244009711e-04
1.150828426154593392e-03
1.112002836511517562e-03
1.000234831137295291e-03
1.053036585132129197e-03
9.757203370616415261e-04
2.968936687236375591e-04
-9.380782972765393897e-04
-1.974849997404721190e-03
-2.036380661641839368e-03
-1.145176418426864908e-03
-1.562170053791807150e-05
7.795819070340463978e-04
1.170971732799355302e-03
1.240314952969724573e-03
9.505921777278149905e-04
3.078815460693869492e-04
-3.915560203911798908e-04
-6.702965320196275925e-04
-3.158713486958805586e-04
3.537298837658877293e-04
6.746725688988871672e-04
1.356598258606838455e-04
-1.043990151233084931e-03
-1.850087028549750280e-03
-1.329338163737244904e-03
4.425895118355041699e-04
2.344279447748189114e-03
3.017030955424760547e-03
1.780720670820352567e-03
-7.978229973689094723e-04
-3.106603795489425082e-03
-3.579044978495999913e-03
-1.904853477778730613e-03
7.406001490325818523e-04
2.657930275509776206e-03
2.783363480668997296e-03
1.212945732408500380e-03
-8.349989349592160494e-04
-1.724558109789026128e-03
-7.566813537581187606e-04
1.105507582031582800e-03
2.122576743533891724e-03
1.331305540538745783e-03
-7.379603985327793303e-04
-2.564425126269882088e-03
-2.809674615160532175e-03
-1.391564837424385994e-03
4.154552241737992195e-04
1.221338592103495772e-03
9.112585272568334309e-04
5.612242022683816556e-04
1.017501599679980452e-03
1.872698754091944818e-03
1.977804178524566331e-03
7.045436614169993698e-04
-1.447415155619011023e-03
-3.187923337246497714e-03
-3.276251141570936387e-03
-1.458860202907147872e-03
1.143797108557551619e-03
2.781439559570614371e-03
2.465857337013793293e-03
7.267867593264679040e-04
-9.650937181804929241e-04
-1.459781049187339804e-03
-6.793136913543221722e-04
5.510871903582447015e-04
1.197329095041428518e-03
7.751900469583134683e-04
-3.228192877697331868e-04
-1.269251429569983637e-03
-1.521034313124168622e-03
-1.046689385166511702e-03
-1.056965142477058188e-04
9.238641575456866097e-04
1.589449413458916783e-03
1.526931869189756012e-03
7.615052486702038890e-04
-1.871622070518527356e-04
-6.750271732725191898e-04
-5.323143158916348846e-04
-2.269053187865105188e-04
-3.537860952649723740e-04
-9.867898200860852637e-04
-1.519283614873166016e-03
-1.161631044220902973e-03
2.639340463922641190e-04
1.971163298499400713e-03
2.766178291643383701e-03
2.068206234681535007e-03
3.883952082506333557e-04
-1.220491005353499959e-03
-2.024227374077754420e-03
-1.834097444908123174e-03
-8.787361565082970694e-04
1.951354472778288232e-04
6.933092889948096627e-04
5.485135960261211833e-04
3.064623995608983320e-04
4.152525230024698517e-04
7.500058274257927985e-04
8.269249645491996660e-04
3.973781146310292672e-04
-2.633920778390614649e-04
-7.281547333347550711e-04
-9.160600232029696100e-04
-1.006464308793728318e-03
-1.030714820152852599e-03
-8.152009862965897300e-04
-2.077360930022019729e-04
7.344309583977259815e-04
1.689750400906064702e-03
2.226582754347228299e-03
2.025713631450218669e-03
1.025311171588378810e-03
-4.699604212249168782e-04
-1.847944370677023600e-03
-2.552375820878928156e-03
-2.439996480607672848e-03
-1.687454788285359638e-03
-4.695017275608104161e-04
1.013049382590877623e-03
2.307623123826291634e-03
2.873976589761064945e-03
2.513651637372949985e-03
1.420791555540551086e-03
-1.107927426877385578e-04
-1.700954708770044139e-03
-2.687584651981409639e-03
-2.443529438000788690e-03
-1.129901177642850729e-03
1.765538779948302702e-04
4.255502491554200538e-04
