1.863433809395016781e-04
1.147894887263295385e-03
3.025033483036277965e-03
4.143211799946340014e-03
1.981959694412291709e-03
-3.737455406994398890e-03
-9.813766017132167022e-03
-1.189227110756146608e-02
-7.970542104369085154e-03
6.180512028131020285e-05
7.902881500805723769e-03
1.187790307488002968e-02
1.106088808731094976e-02
7.115286353274484499e-03
2.526685485293896950e-03
-1.069338031110743728e-03
-3.341878864889140290e-03
-4.660764715357985054e-03
-5.334362393757716148e-03
-5.335675194734469662e-03
-4.502844864948587350e-03
-2.857323452797713107e-03
-7.749168347361125395e-04
1.081218137895170002e-03
2.137113556805235112e-03
2.390470077054354658e-03
2.397926408535016457e-03
2.620547630437903685e-03
2.865027053306633872e-03
2.522153369050664229e-03
1.299701947446175445e-03
-4.382271323982359469e-04
-1.957945245151030550e-03
-2.587968500690276952e-03
-2.058712830782659983e-03
-8.020129362576554474e-04
1.727005128585536360e-04
1.148727171425074271e-04
-7.507383897840196572e-04
-1.517693399976053877e-03
-1.446981316399360016e-03
-4.647436392573391127e-04
8.990730055576413859e-04
1.927972677816887923e-03
2.199379905556091488e-03
1.793416437036964278e-03
1.120979680484935357e-03
5.250671567832300001e-04
1.231307066159312898e-06
-6.345567334171814660e-04
-1.323976856994584167e-03
-1.706205007184941362e-03
-1.554508923475288445e-03
-1.043751458954239510e-03
-4.692091271542766368e-04
6.220706033152533453e-05
5.693629304043169729e-04
9.916312130949149570e-04
1.177685245402057546e-03
1.143916013698541029e-03
1.137772020487571711e-03
1.152084505088583422e-03
6.447597456792443288e-04
-7.755173312220077020e-04
-2.489327571082533639e-03
-3.151198787958741677e-03
-2.003246112862856407e-03
2.514985609668703506e-04
2.034955123345428239e-03
2.278639932781534143e-03
1.159642884132506581e-03
-2.286955172599561997e-04
-6.905514491463576616e-04
1.736694265373562099e-04
1.453546287058340861e-03
1.567538577827230339e-03
-1.710084998017611757e-04
-2.640837053685225148e-03
-3.805607518751082802e-03
-2.584126144615797593e-03
2.262665014650096045e-04
2.793330111438854790e-03
3.786511170701414592e-03
3.054982826532627420e-03
1.221064443259772423e-03
-8.957203680664318482e-04
-2.502536494163873099e-03
-2.981841237143737205e-03
-2.175257555595608901e-03
-5.510464597089263306e-04
9.824319147260654819e-04
1.569390111067547671e-03
9.798410602266758185e-04
-9.870637967251903711e-05
-5.083224192473282223e-04
2.843103338188526807e-04
1.575175767286851082e-03
2.088195615065200749e-03
1.175836754569351428e-03
-6.557918575278705135e-04
-2.220522172538466101e-03
-2.564550786820079652e-03
-1.649983219228689287e-03
-3.082759568803236194e-04
5.798515508574110522e-04
8.039310718248195544e-04
6.932069474543594645e-04
5.676370959911965046e-04
5.354930402623247826e-04
6.072256902747499852e-04
6.373641528276904628e-04
3.145802269666215091e-04
-3.667529937966628839e-04
-8.305256698315003055e-04
-5.280576211280804634e-04
3.083108983255950712e-04
8.012162589289808980e-04
3.227321994185727459e-04
-8.223785323016583916e-04
-1.648108508436647293e-03
-1.440781338533077358e-03
-4.027770984123295512e-04
6.577107894751815613e-04
1.141446074305373874e-03
1.102620484662298044e-03
9.908524792880757728e-04
1.043654233282909679e-03
9.663379852124221164e-04
2.875113168744181493e-04
-9.474606491257587994e-04
-1.984232349253940708e-03
-2.045763013491058886e-03
-1.154558770276084426e-03
-2.500405238713750838e-05
7.701995551848269880e-04
1.161589380950135784e-03
1.230932601120505055e-03
9.412098258785955808e-04
2.984991942201675394e-04
-4.009383722403993548e-04
-6.796788838688470023e-04
-3.252537005450999684e-04
3.443475319166682653e-04
6.652902170496677575e-04
1.262774740114644086e-04
-1.053372503082304450e-03
-1.859469380398969798e-03
-1.338720515586464422e-03
4.332071599862847601e-04
2.334897095898969595e-03
3.007648603575541028e-03
1.771338318971133049e-03
-8.072053492181288821e-04
-3.115986147338644600e-03
-3.588427330345219431e-03
-1.914235829627950131e-03
7.312177971833624425e-04
2.648547923660556688e-03
2.773981128819777778e-03
1.203563380559280862e-03
-8.443812868084354592e-04
-1.733940461638245646e-03
-7.660637056073381704e-04
1.096125230182363281e-03
2.113194391684672206e-03
1.321923188689526265e-03
-7.473427503819987400e-04
-2.573807478119101606e-03
-2.819056967009751693e-03
-1.400947189273605512e-03
4.060728723245797555e-04
1.211956240254276253e-03
9.018761754076140211e-04
5.518418504191622458e-04
1.008119247830760934e-03
1.863316402242725300e-03
1.968421826675346813e-03
6.951613095677799600e-04
-1.456797507468230541e-03
-3.197305689095717232e-03
-3.285633493420155905e-03
-1.468242554756367391e-03
1.134414756708332101e-03
2.772057207721394852e-03
2.456474985164573775e-03
7.174044074772484942e-04
-9.744760700297123339e-04
-1.469163401036559322e-03
-6.886960432035415820e-04
5.417048385090252917e-04
1.187946743192209000e-03
7.658076951090940585e-04
-3.322016396189526508e-04
-1.278633781419203155e-03
-1.530416664973388140e-03
-1.056071737015731220e-03
-1.150788660969252557e-04
9.144818056964671999e-04
1.580067061609697265e-03
1.517549517340536494e-03
7.521228968209844792e-04
-1.965445589010721725e-04
-6.844095251217385996e-04
-5.416966677408542943e-04
-2.362876706357299557e-04
-3.631684471141918380e-04
-9.961721719353047819e-04
-1.528665966722385534e-03
-1.171013396070122491e-03
2.545516945430447093e-04
1.961780946650181195e-03
2.756795939794164183e-03
2.058823882832315488e-03
3.790128564014138917e-04
-1.229873357202719477e-03
-2.033609725926973939e-03
-1.843479796757342692e-03
-8.881185083575164792e-04
1.857530954286093863e-04
6.839269371455902529e-04
5.391312441769017735e-04
2.970800477116789223e-04
4.058701711532503877e-04
7.406234755765733887e-04
8.175426126999802562e-04
3.879957627818098032e-04
-2.727744296882808747e-04
-7.375370851839744809e-04
-9.254423750521890198e-04
-1.015846660642947836e-03
-1.040097172002072117e-03
-8.245833381458091398e-04
-2.171184448514214098e-04
7.250486065485065718e-04
1.680368049056845184e-03
2.217200402498008781e-03
2.016331279600999150e-03
1.015928819739159291e-03
-4.793427730741363422e-04
-1.857326722526243118e-03
-2.561758172728147674e-03
-2.449378832456892367e-03
-1.696837140134579156e-03
-4.788840794100298801e-04
1.003667030741658105e-03
2.298240771977072116e-03
2.864594237911845427e-03
2.504269285523730466e-03
1.411409203691331568e-03
-1.201750945369579947e-04
-1.710337060619263657e-03
-2.696967003830629157e-03
-2.452911789850008208e-03
-1.139283529492070247e-03
1.671715261456108333e-04
4.161678973062006440e-04
