0.000000000000000000e+00
2.786303111186099350e-06
2.915272470366113032e-05
8.940465500835492795e-05
7.579094374567854739e-05
-2.201030763842542039e-04
-8.261682901223633708e-04
-1.348645765700076790e-03
-1.165884852701826527e-03
1.301330894716748292e-05
1.758222790161431334e-03
3.141828933424921713e-03
3.416930675146282945e-03
2.528243274755951394e-03
1.020652773070060155e-03
-4.780309273521163240e-04
-1.666248256519960386e-03
-2.553648780679624187e-03
-3.181916056506940964e-03
-3.436217020872473545e-03
-3.106518085408048208e-03
-2.095225621304126675e-03
-5.954213269644525325e-04
8.912350580719064289e-04
1.832148860726599826e-03
2.127481721486995658e-03
2.204456421036718981e-03
2.474660578706714981e-03
2.765008711318644400e-03
2.477032181787948949e-03
1.296507455425647626e-03
-4.278122781322439235e-04
-1.948562893301811032e-03
-2.578586148841057434e-03
-2.049330478933440464e-03
-7.926305844084360376e-04
1.820828647077730729e-04
1.242550689917268640e-04
-7.413560379348002475e-04
-1.508311048126834359e-03
-1.437598964550140497e-03
-4.553612874081197030e-04
9.084553574068607957e-04
1.937355029666107441e-03
2.208762257405311007e-03
1.802798788886183796e-03
1.130362032334154875e-03
5.344495086324494099e-04
1.061365891537874979e-05
-6.251743815679620562e-04
-1.314594505145364649e-03
-1.696822655335721844e-03
-1.545126571626068927e-03
-1.034369107105019992e-03
-4.598267753050572270e-04
7.158941218074477142e-05
5.787452822535363826e-04
1.001013564944134475e-03
1.187067597251277064e-03
1.153298365547760548e-03
1.147154372336791229e-03
1.161466856937802940e-03
6.541420975284637385e-04
-7.661349793727882922e-04
-2.479945219233314121e-03
-3.141816436109522159e-03
-1.993863761013636889e-03
2.608809128160897604e-04
2.044337475194647757e-03
2.288022284630753661e-03
1.169025235981726099e-03
-2.193131654107367628e-04
-6.811690972971382518e-04
1.830517783865756468e-04
1.462928638907560379e-03
1.576920929676449857e-03
-1.616261479525417388e-04
-2.631454701836005629e-03
-3.796225166901863284e-03
-2.574743792766578075e-03
2.356488533142290414e-04
2.802712463288074309e-03
3.795893522550634110e-03
3.064365178381846938e-03
1.230446795108991942e-03
-8.863380162172124384e-04
-2.493154142314653581e-03
-2.972458885294517687e-03
-2.165875203746389383e-03
-5.416641078597069208e-04
9.918142665752850001e-04
1.578772462916767190e-03
9.892234120758953368e-04
-8.932402782329960022e-05
-4.989400673981088125e-04
2.936926856680721447e-04
1.584558119136070600e-03
2.097577966914420267e-03
1.185219106418570947e-03
-6.464095056786511037e-04
-2.211139820689246582e-03
-2.555168434970860134e-03
-1.640600867379469769e-03
-2.988936050311041554e-04
5.892339027066304620e-04
8.133134236740389642e-04
7.025892993035788743e-04
5.770194478404159144e-04
5.448753921115441923e-04
6.166080421239693949e-04
6.467465046769098726e-04
3.239625788158409731e-04
-3.573706419474434199e-04
-8.211433179822808957e-04
-5.186752692788610536e-04
3.176932501748145352e-04
8.105986107782003078e-04
3.321145512677921557e-04
-8.129961804524389818e-04
-1.638726156587427775e-03
-1.431398986683857840e-03
-3.933947465631100872e-04
6.670931413244009711e-04
1.150828426154593392e-03
1.112002836511517562e-03
1.000234831137295291e-03
1.053036585132129197e-03
9.757203370616415261e-04
2.968936687236375591e-04
-9.380782972765393897e-04
-1.974849997404721190e-03
-2.036380661641839368e-03
-1.145176418426864908e-03
-1.562170053791807150e-05
7.795819070340463978e-04
1.170971732799355302e-03
1.240314952969724573e-03
9.505921777278149905e-04
3.078815460693869492e-04
-3.915560203911798908e-04
-6.702965320196275925e-04
-3.158713486958805586e-04
3.537298837658877293e-04
6.746725688988871672e-04
1.356598258606838455e-04
-1.043990151233084931e-03
-1.850087028549750280e-03
-1.329338163737244904e-03
4.425895118355041699e-04
2.344279447748189114e-03
3.017030955424760547e-03
1.780720670820352567e-03
-7.978229973689094723e-04
-3.106603795489425082e-03
-3.579044978495999913e-03
-1.904853477778730613e-03
7.406001490325818523e-04
2.657930275509776206e-03
2.783363480668997296e-03
1.212945732408500380e-03
-8.349989349592160494e-04
-1.724558109789026128e-03
-7.566813537581187606e-04
1.105507582031582800e-03
2.122576743533891724e-03
1.331305540538745783e-03
-7.379603985327793303e-04
-2.564425126269882088e-03
-2.809674615160532175e-03
-1.391564837424385994e-03
4.154552241737992195e-04
1.221338592103495772e-03
9.112585272568334309e-04
5.612242022683816556e-04
1.017501599679980452e-03
1.872698754091944818e-03
1.977804178524566331e-03
7.045436614169993698e-04
-1.447415155619011023e-03
-3.187923337246497714e-03
-3.276251141570936387e-03
-1.458860202907147872e-03
1.143797108557551619e-03
2.781439559570614371e-03
2.465857337013793293e-03
7.267867593264679040e-04
-9.650937181804929241e-04
-1.459781049187339804e-03
-6.793136913543221722e-04
5.510871903582447015e-04
1.197329095041428518e-03
7.751900469583134683e-04
-3.228192877697331868e-04
-1.269251429569983637e-03
-1.521034313124168622e-03
-1.046689385166511702e-03
-1.056965142477058188e-04
9.238641575456866097e-04
1.589449413458916783e-03
1.526931869189756012e-03
7.615052486702038890e-04
-1.871622070518527356e-04
-6.750271732725191898e-04
-5.323143158916348846e-04
-2.269053187865105188e-04
-3.537860952649723740e-04
-9.867898200860852637e-04
-1.519283614873166016e-03
-1.161631044220902973e-03
2.639340463922641190e-04
1.971163298499400713e-03
2.766178291643383701e-03
2.068206234681535007e-03
3.883952082506333557e-04
-1.220491005353499959e-03
-2.024227374077754420e-03
-1.834097444908123174e-03
-8.787361565082970694e-04
1.951354472778288232e-04
6.933092889948096627e-04
5.485135960261211833e-04
3.064623995608983320e-04
4.152525230024698517e-04
7.500058274257927985e-04
8.269249645491996660e-04
3.964213725128115499e-04
-2.608615753792174513e-04
-7.124776841585562940e-04
-8.811945645960038128e-04
-9.470432922632931625e-04
-9.438614360299163236e-04
-7.226799351477333896e-04
-1.773138465306291385e-04
6.001745130435565080e-04
1.314262712441206576e-03
1.638093299509777194e-03
1.400460338461169537e-03
6.614716470591529588e-04
-2.808225755682606573e-04
-1.014537296689447783e-03
-1.276187910439464078e-03
-1.100417501582158205e-03
-6.791243451255556552e-04
-1.666062850527040670e-04
3.126860838528327797e-04
6.099085567151812676e-04
6.386403730473146079e-04
4.595039599482998271e-04
2.080701059826221247e-04
-1.257439721669435643e-05
-1.433312782624133151e-04
-1.586732988313656757e-04
-9.300130157152641742e-05
-2.432658268254151305e-05
1.696216629696464402e-06
1.024570382199046421e-06
