-124,776,16136,-21,-208,-2,268438473
-104,764,16140,-19,-182,4,268438473
-152,772,16232,-33,-187,6,268438473
-124,776,16304,-46,-191,23,268438473
-192,788,16244,-25,-210,5,268438473
-168,712,16192,-35,-199,-11,268438473
-92,768,16248,-31,-174,15,268438473
-164,752,16236,-39,-196,-25,268438473
-172,896,16164,-7,-190,15,268438473
-340,772,16192,-27,-223,-4,268438473
-148,836,16256,-24,-188,-5,268438473
-84,716,16112,-53,-176,-23,268438473
-184,764,16220,-21,-182,24,268438473
-228,816,16276,-46,-181,-12,268438473
-184,732,16188,-7,-212,40,268438473
-200,828,16200,-40,-214,22,268438473
-68,916,15516,-40,-420,-7,268438473
-276,844,16836,-37,-54,-4,268438473
-76,712,16340,-71,-179,20,268438473
-16,848,15628,10,-260,32,268438473
-100,828,16048,-4,-254,-10,268438473
-152,792,16356,-37,-162,29,268438473
-128,764,16312,-64,-115,-45,268438473
-184,704,16152,-46,-233,9,268438473
-76,872,15888,11,-232,28,268438473
-184,748,16272,-44,-213,-2,268438473
-164,776,16284,-44,-139,31,268438473
-48,820,16056,-33,-126,-1,268438473
-80,764,15912,-29,-209,-16,268438473
-104,804,16152,16,-195,1,268438473
-204,832,16184,-27,-189,2,268438473
-20,844,16292,-28,-166,26,268438473
-136,776,16024,-17,-197,-8,268438473
-168,820,16120,-33,-197,9,268438473
-132,872,16244,-42,-174,13,268438473
-236,768,16256,-28,-177,16,268438473
-168,724,16068,-18,-205,31,268438473
-132,800,16160,-29,-173,-5,268438473
-140,672,16308,-32,-180,7,268438473
-68,804,16244,-25,-155,22,268438473
-104,748,16228,-34,-200,-7,268438473
-116,748,16048,-3,-188,37,268438473
-148,816,16280,-37,-173,4,268438473
-108,768,16208,-8,-189,-3,268438473
-208,892,16196,-23,-188,-15,268438473
1864,264,16412,42,-325,-4085,268438473
-124,712,16244,-1,-128,-2715,268438473
-388,1320,16272,-17,-100,-1519,268438473
-1236,700,16132,10,-207,-636,268438473
-144,644,16068,40,-164,-1110,268438473
572,760,16220,81,-292,-1672,268438473
496,768,16304,42,-215,-2086,268438473
1212,708,16428,69,-325,-3152,268438473
1476,888,16296,191,-439,-4020,268438473
1548,764,16256,271,-529,-5111,268438473
1944,860,16224,300,-342,-6729,268438473
1664,672,16396,389,-743,-8101,268438473
1460,800,16204,451,-767,-9343,268438473
576,808,16104,432,-682,-9846,268438473
-272,496,16312,441,-824,-9467,268438473
-500,540,16192,452,-659,-9097,268438473
-872,224,16008,421,-643,-8649,268438473
-2084,532,16152,201,-264,-7353,268438473
-1608,240,16212,174,-121,-6681,268438473
-1644,632,16188,262,-352,-6394,268438473
-2944,668,16000,185,-582,-4722,268438473
-3688,-180,17272,-16,110,-928,268438473
-3700,-316,16420,-2,-551,1038,268438473
-36,664,16128,-67,-48,-19,268438473
-220,756,16264,4,-343,22,268438473
-108,760,16132,-72,-135,13,268438473
-132,748,16100,-27,-211,17,268438473
-160,760,16228,1,-219,33,268438473
-160,728,16108,-26,-188,15,268438473
-180,792,16196,-19,-206,17,268438473
-204,820,16164,-35,-208,2,268438473
-264,768,16168,-34,-174,0,268438473
-88,816,16128,-53,-187,12,268438473
-116,824,16280,-29,-193,16,268438473
-132,760,16176,-30,-169,25,268438473
-224,808,16176,-23,-158,13,268438473
-432,516,16372,-415,752,-74,268438473
468,144,15624,-153,362,-297,268438473
-548,256,15732,228,-926,-111,268438473
16,1336,16568,-128,-4,305,268438473
68,900,16224,-27,-184,555,268438473
-180,692,16176,-52,24,74,268438473
-420,532,16188,-102,-11,285,268438473
-1696,-1988,16364,-176,-181,3147,268438473
-2256,-764,16564,83,-942,4478,268438473
-3516,624,15656,-177,154,4531,268438473
-1416,908,16296,-226,186,2955,268438473
124,1156,16008,-435,280,6453,268438473
1444,1888,16184,-395,602,6850,268438473
2048,2096,16156,-225,16,5209,268438473
3432,1556,16384,-147,-51,1329,268438473
596,-264,16200,-315,628,92,268438473
56,644,16028,86,-507,37,268438473
-216,692,16284,-34,-150,17,268438473
-132,748,16128,-52,-100,-7,268438473
-148,776,16196,-29,-200,20,268438473
-136,752,16176,-17,-213,34,268438473
-116,808,16172,-40,-184,12,268438473
-232,724,16124,-31,-173,27,268438473
-128,756,16156,-46,-184,11,268438473
40,2860,23972,-4026,12321,-3108,268438473
76,608,15740,1372,-485,-233,268438473
280,616,16316,-125,-503,2119,268438473
-728,708,16104,-106,-326,2769,268438473
-1916,-144,16000,-173,-343,2571,268438473
-1508,400,16056,-180,75,4812,268438473
-2036,664,16132,-86,-531,4889,268438473
-1760,1556,15976,-358,-25,6511,268438473
-1552,1160,15884,-464,218,8266,268438473
-364,740,16588,-486,384,9666,268438473
-24,-88,16100,-482,242,8318,268438473
-600,-320,16168,-473,370,8126,268438473
-312,8,16128,-481,494,8341,268438473
-284,1224,16368,-386,214,7730,268438473
528,572,16448,-436,135,7529,268438473
-416,-224,16108,-439,-3,8174,268438473
-976,100,16372,-486,292,9511,268438473
-408,596,16424,-498,734,9264,268438473
1192,920,16416,-304,-7,8823,268438473
164,924,16216,-308,-188,8515,268438473
1824,220,16684,-239,32,8062,268438473
1532,300,15920,-114,100,6664,268438473
3888,656,16928,-447,187,4591,268438473
3404,1736,16360,40,-202,-1089,268438473
-148,804,16140,-39,-166,-7,268438473
-368,700,16144,-32,-210,7,268438473
-100,824,16196,-25,-148,9,268438473
-232,788,16092,-35,-177,1,268438473
-184,636,16244,-32,-202,-2,268438473
-236,760,16220,-39,-193,21,268438473
-108,772,16244,-25,-157,-10,268438473
-140,720,16116,-58,-196,0,268438473
-124,740,16304,-21,-193,18,268438473
-120,692,16264,-7,-186,15,268438473
-104,816,16304,-51,-156,-19,268438473
-232,776,16072,-17,-171,43,268438473
-240,820,16268,-43,-162,1,268438473
-160,788,16252,-31,-168,27,268438473
-204,712,16312,-25,-188,16,268438473
-264,724,16204,-36,-194,-10,268438473
-220,716,16056,-29,-171,12,268438473
-240,852,16288,-14,-210,1,268438473
-192,704,16104,-30,-167,-1,268438473
-176,752,16216,-39,-210,-6,268438473
-176,664,16212,-5,-204,14,268438473
-172,764,16236,-19,-183,-16,268438473
-228,784,16128,-19,-194,-6,268438473
-204,804,16256,-29,-195,16,268438473
-300,632,16220,-23,-185,22,268438473
-184,808,16164,-38,-191,-3,268438473
-168,884,16084,-30,-185,-3,268438473
-216,684,16124,-9,-178,17,268438473
-228,780,16332,-40,-187,13,268438473
-208,720,16164,-9,-193,8,268438473
-236,752,16292,-30,-178,-1,268438473
-228,796,16204,-15,-183,14,268438473
-164,816,16140,-32,-182,-11,268438473
-184,796,16112,-35,-192,23,268438473
-248,760,16124,-68,-167,-9,268438473
-252,812,16108,-40,-187,30,268438473
-212,660,16320,-37,-184,10,268438473
-196,716,16184,-29,-164,20,268438473
-148,732,16196,-9,-177,15,268438473
-244,788,16116,-29,-202,0,268438473
-260,716,16224,-22,-165,9,268438473
-212,764,16256,-31,-192,13,268438473
-204,704,16136,-45,-178,21,268438473
-168,744,16272,-47,-159,43,268438473
-172,796,16156,-20,-158,1,268438473
-260,792,16120,-47,-169,21,268438473
-184,760,16136,-32,-173,10,268438473
-200,792,16220,-37,-174,3,268438473
-280,760,16252,-39,-189,26,268438473
-204,808,16200,-12,-195,-11,268438473
-260,732,16112,-20,-186,-7,268438473
-232,848,16240,-62,-205,14,268438473
-212,760,16176,-48,-182,22,268438473
-212,772,16196,-43,-202,-17,268438473
-216,776,16260,-61,-192,5,268438473
-260,792,16084,-33,-198,-3,268438473
-240,872,16124,-24,-180,-3,268438473
-136,724,16092,-16,-194,20,268438473
-212,740,16032,-14,-182,2,268438473
-264,852,16164,-81,-185,9,268438473
-80,848,16104,-18,-183,-3,268438473
-200,808,16240,-37,-177,25,268438473
-208,704,16176,-7,-184,9,268438473
-248,768,16340,-42,-206,6,268438473
-228,804,16272,-55,-206,8,268438473
-200,648,16100,-24,-176,31,268438473
-236,752,16192,-31,-188,-4,268438473
-168,708,16136,-42,-211,18,268438473
-232,808,16068,-38,-189,34,268438473
-140,704,16208,-12,-191,-12,268438473
-232,788,16336,-34,-187,-1,268438473
-196,820,16212,-20,-160,-4,268438473
-164,788,16148,-29,-157,-1,268438473
-168,812,16184,-25,-165,24,268438473
-264,688,16184,-33,-173,9,268438473
-216,724,16212,-23,-196,-18,268438473
-212,760,16192,-32,-209,-2,268438473
-192,652,16120,-24,-169,-26,268438473
-176,724,16052,-31,-181,24,268438473
-216,772,16188,-25,-200,5,268438473
-272,776,16116,-26,-174,24,268438473
-148,804,16360,-45,-173,10,268438473
-116,792,16196,-22,-186,2,268438473
-228,744,16160,-41,-167,15,268438473
-224,712,16112,-45,-176,-4,268438473
-292,720,16212,5,-194,17,268438473
-240,804,16164,-14,-182,23,268438473
-220,796,16204,-61,-171,16,268438473
-228,808,16252,-22,-187,10,268438473
-224,824,16132,-38,-209,9,268438473
-2064,484,17144,248,-1595,512,268438473
-6104,-2484,16096,-579,-204,13432,268438473
2556,876,16232,-137,-10,3662,268438473
7312,4672,16212,-38,29,-4514,268438473
5472,1312,16400,185,-2064,-2999,268438473
7352,2884,16088,340,2232,-9128,268438473
-4036,1788,15960,-125,-251,-371,268438473
-8428,-4300,15756,-547,915,8490,268438473
-9196,-2884,15860,-283,-131,7460,268438473
-5360,-4400,16172,-702,584,12090,268438473
8276,8488,16144,-30,52,-1019,268438473
5308,3236,15784,461,143,-9230,268438473
7464,756,16520,753,-1156,-15727,268438473
-4456,1896,15608,276,-744,-5080,268438473
-2572,-4476,16080,-492,735,8826,268438473
-5628,-2748,16044,-348,-65,8177,268438473
-24,-568,16292,-423,297,5362,268438473
2228,7536,16076,304,-660,-6607,268438473
880,1572,16144,106,118,-5330,268438473
1844,664,16572,639,-1180,-7772,268438473
-2880,160,16024,46,-272,-1168,268438473
-392,596,16168,-33,-181,765,268438473
-328,756,16228,-69,-168,656,268438473
-296,688,16108,-25,-164,146,268438473
-136,856,16328,-32,-177,-92,268438473
104,704,16248,23,-215,-1172,268438473
2164,516,16172,312,-550,-5521,268438473
-2852,1264,15864,-60,-281,1927,268438473
-1784,124,16376,318,-1187,1056,268438473
-808,-544,16840,662,-2066,1180,268438473
-1252,876,17164,799,-7193,904,268438473
472,1100,18124,-72,-15446,221,268438473
724,1308,17472,34,-21728,124,268438473
2744,1200,15820,-18,-24230,117,268438473
4092,1016,14400,-5,-21540,-8,268438473
5220,620,14108,142,-16240,157,268438473
6096,856,14200,149,-11613,295,268438473
6352,292,15144,327,-10314,367,268438473
6636,1032,15212,362,-10396,350,268438473
6964,736,15396,460,-11909,206,268438473
7696,1272,14284,306,-13155,229,268438473
9224,748,14152,142,-13063,-210,268438473
9216,1192,13212,-87,-13152,-406,268438473
9512,784,12928,21,-11468,-328,268438473
9928,796,12928,198,-10572,14,268438473
10852,940,11704,4,-8848,-156,268438473
11060,1160,11720,-22,-5274,-199,268438473
11280,992,11824,-125,-3394,-391,268438473
11380,1072,10872,-246,-172,-522,268438473
10928,1704,11180,1,5817,-224,268438473
10664,812,11728,350,10804,251,268438473
9880,-116,12820,1407,14428,1443,268438473
9228,420,13628,2696,16556,2983,268438473
8808,1548,13956,3710,19590,2988,268438473
7276,1916,14872,3546,19162,2412,268438473
6316,2196,15192,2996,17356,1950,268438473
6272,1712,16172,2891,14832,1245,268438473
5712,1444,16568,3911,13646,178,268438473
4476,1984,15844,6186,17963,675,268438473
3332,3284,15132,8748,26447,426,268438473
736,2284,16036,8258,26812,-984,268438473
184,3120,16276,6441,20825,-2147,268438473
56,4564,24012,1320,13586,-1064,268438473
-256,3412,16380,820,16847,-874,268438473
-2160,3436,16888,490,22668,-452,268438473
-3420,3560,15912,804,26365,392,268438473
-4412,4268,13876,1053,23845,252,268438473
-5688,4108,12944,2020,16164,-278,268438473
-8256,3608,14928,2206,12808,-476,268438473
-7728,3832,13996,1971,21012,-588,268438473
-7996,3936,11436,2592,22759,-1202,268438473
-7256,4220,11024,3080,15150,-2344,268438473
-8092,3024,11264,2838,11382,-3090,268438473
-9824,2924,9920,388,9051,-1684,268438473
-10448,3532,10000,405,2915,-1864,268438473
-10436,3076,9888,-444,-1954,-1708,268438473
-9224,3108,11332,116,-9767,-1476,268438473
-10008,3776,11588,502,-18343,-984,268438473
-8540,3868,12040,534,-24384,-96,268438473
-7180,3436,12372,-282,-21277,491,268438473
-7900,3848,13044,-280,-20511,386,268438473
-6912,4012,14340,-125,-19301,412,268438473
-5784,3676,14656,737,-19885,1817,268438473
-4244,4176,14484,550,-19697,2866,268438473
-3416,3628,15032,-258,-16985,2920,268438473
-2680,3344,14912,-472,-17428,2988,268438473
-1888,3796,15592,-1245,-18988,2769,268438473
-752,4088,16896,-3203,-14295,1095,268438473
-436,3576,15104,-4985,-6534,1492,268438473
240,3292,14720,-7284,-8695,1362,268438473
548,2544,15048,-7715,-4846,1653,268438473
1064,3192,16616,-7248,-3022,836,268438473
884,1912,17544,-6921,-6843,545,268438473
1032,1828,16184,-5534,-4353,1986,268438473
1356,2572,15988,-4684,-741,1467,268438473
1908,1388,15184,-4402,-2819,1248,268438473
2212,928,14484,-4456,5486,1740,268438473
932,1644,17780,-876,14609,499,268438473
532,-440,15304,-64,1313,-350,268438473
756,1280,15268,-466,37,258,268438473
364,980,16252,-496,500,594,268438473
852,1028,16096,-1604,2002,359,268438473
1660,104,16464,-1926,1639,-632,268438473
1244,1160,16648,480,-774,-436,268438473
656,804,16076,-365,384,-136,268438473
388,540,16172,-364,417,35,268438473
40,536,16164,-363,599,280,268438473
-48,544,16512,-84,214,297,268438473
-996,728,16068,212,-569,1407,268438473
-1884,1440,16244,662,-952,5242,268438473
1424,1436,16688,1939,-1389,8442,268438473
564,1668,17040,111,-3586,-2869,268438473
-240,-796,16536,160,-9776,1255,268438473
-252,1308,16396,547,-8805,2835,268438473
2480,-48,17700,4677,376,3990,268438473
1484,-180,18472,9972,12095,4354,268438473
1552,2248,17632,11841,12575,4947,268438473
1020,3124,14532,10047,8541,4093,268438473
564,2528,14880,7143,2820,4274,268438473
-268,1912,15784,6916,7102,6158,268438473
-676,2896,16128,5837,6380,6947,268438473
-1168,4548,15332,5509,6365,6391,268438473
-464,4356,15108,5073,3561,4656,268438473
-1404,4716,15956,5274,1943,2974,268438473
-1464,5476,15176,5464,2413,798,268438473
192,5672,14352,3684,701,-611,268438473
1412,5064,16836,3368,-1816,330,268438473
1136,5756,15564,2218,-2665,1893,268438473
208,5972,15052,1661,-3490,2610,268438473
-1228,5576,14680,2112,1848,3906,268438473
-1740,5448,14620,2532,3950,3247,268438473
-1776,5356,14888,2085,4217,2090,268438473
-1004,5944,13708,340,3606,1585,268438473
-468,6272,12884,-88,2673,2340,268438473
-472,5760,13380,188,550,3070,268438473
-916,6432,13808,986,707,2785,268438473
-1356,6348,14856,1246,-43,1335,268438473
-976,7104,14540,1009,-2151,-421,268438473
-376,6864,14644,-75,-6146,-816,268438473
-136,6128,14924,-1115,-9413,516,268438473
-1560,6144,14576,-715,-12027,1443,268438473
-1820,6160,14552,743,-11329,511,268438473
-688,5800,14980,2415,-7855,-1636,268438473
1340,6876,14352,3562,-5463,-3113,268438473
3296,6092,14012,2216,-2691,-2702,268438473
4324,6404,15140,2272,-2647,-185,268438473
3256,6024,15740,1132,-4263,1830,268438473
1160,7368,16180,-1994,-5356,2478,268438473
1392,6996,14076,-1114,-5304,2429,268438473
1160,7176,14888,296,-3156,1342,268438473
2076,6876,14572,332,-1280,-464,268438473
3288,6156,13816,440,166,-823,268438473
3928,5720,13560,-1784,-1694,-1245,268438473
3724,6280,14428,-3741,-5075,-490,268438473
3640,6412,14380,-3555,-5538,806,268438473
3360,5856,14204,-3567,-3977,1028,268438473
-9972,1916,30300,-3865,-9456,982,268438473
-1080,4800,16976,-9298,-2700,-3305,268438473
3864,3276,14636,-11467,-4666,-3103,268438473
3684,3700,16536,-11450,903,-1541,268438473
3148,3928,17788,-14277,1159,-2054,268438473
5172,4432,16980,-16896,703,-2148,268438473
4148,3340,16444,-18941,3773,-1407,268438473
3248,3456,17924,-19903,6294,-3128,268438473
3272,1052,15484,-18386,6670,-4427,268438473
3772,-756,16416,-15126,10069,-5269,268438473
4576,-2232,16408,-11672,9403,-4709,268438473
2992,-2556,15024,-9595,9555,-1912,268438473
1916,-2612,14336,-10736,8659,1797,268438473
824,-3068,15748,-7186,10157,2446,268438473
-1360,-2644,12156,-5343,6033,3095,268438473
-1544,-2888,12944,-4334,517,4471,268438473
-1000,-3280,14604,211,-974,3537,268438473
-668,-3204,16080,4798,-3527,2245,268438473
-708,-2440,17256,8244,-7521,1122,268438473
-56,-1860,16852,10725,-11521,14,268438473
1172,-1004,15728,10893,-7070,-837,268438473
1352,-1504,16340,10644,-5255,-1148,268438473
1488,-644,16316,10793,-4651,-791,268438473
12,1228,16548,11271,-4228,-582,268438473
1420,1136,16824,11804,-5491,-698,268438473
2164,1352,15720,12521,-6534,-2031,268438473
2368,2148,14524,13776,-7129,-3891,268438473
3296,3200,15756,15660,-6400,-5180,268438473
4300,4504,17120,15182,-5311,-5250,268438473
3844,5316,17532,13577,-4690,-4832,268438473
5096,5764,17088,10386,-3555,-3502,268438473
5280,5420,17084,5736,-4328,-1145,268438473
4852,4916,15908,1176,-3035,756,268438473
3668,5580,15380,-1238,-2996,1421,268438473
3224,5948,15164,-2951,-3108,893,268438473
3872,5384,14924,-4728,637,-1156,268438473
3536,3356,14368,-7677,3802,-2313,268438473
4132,2892,13248,-9009,8012,-2423,268438473
3748,2620,12112,-9285,12448,-2857,268438473
3044,2516,12192,-8589,10808,-2497,268438473
2464,2072,14184,-7710,10423,-1138,268438473
2300,3388,15560,-8609,10172,-16,268438473
1020,2516,15948,-11232,9452,105,268438473
676,2144,16268,-13163,6666,535,268438473
196,896,15956,-12637,5436,2073,268438473
-364,136,15260,-11031,2943,3843,268438473
404,-232,15524,-9455,-1243,5121,268438473
404,4,16320,-6848,-5121,5375,268438473
660,-1076,16088,-3721,-7817,6246,268438473
484,-676,15744,614,-8445,7460,268438473
-188,500,15708,5209,-9401,8782,268438473
848,1932,17328,7489,-11940,8398,268438473
500,2180,18408,7403,-18995,2303,268438473
868,2060,18060,2560,-30419,-1486,268438473
4312,128,17092,-3374,-32768,-2760,268438473
6708,-1240,14996,-5563,-32768,-1694,268438473
8828,-1768,13584,-6275,-29700,-945,268438473
9540,-2288,11988,-5469,-24221,-770,268438473
10660,-2156,10604,-2788,-19825,-1375,268438473
11612,-1696,10076,452,-16257,-3103,268438473
12588,-652,11784,4025,-3904,-5455,268438473
12440,464,10944,3270,-1016,-6137,268438473
12048,1368,12356,781,2420,-7731,268438473
11948,740,11208,-592,4196,-8471,268438473
12352,816,10276,-819,6417,-9200,268438473
11924,272,10336,-457,11452,-9074,268438473
11004,1584,12616,2380,18151,-8447,268438473
10560,2004,14664,5589,24126,-7579,268438473
8740,3052,15340,5857,31220,-7423,268438473
7076,3056,15568,4649,32767,-6781,268438473
5380,3388,15632,2479,32767,-4946,268438473
5136,2688,16452,-2206,30121,-2061,268438473
3164,4332,16912,-5870,21530,1221,268438473
1668,3000,16840,-9538,22067,4814,268438473
-936,2460,15296,-13915,19941,7208,268438473
-2232,1972,14468,-16165,17307,7486,268438473
-4272,760,14984,-15315,10200,7895,268438473
-3004,764,15876,-13865,2311,8881,268438473
-4012,-356,14884,-10047,-1127,8395,268438473
-3216,-1632,14088,-5565,-8725,8245,268438473
-2128,-1372,14332,-1457,-12844,7858,268438473
1760,60,12900,322,-14986,6412,268438473
-760,-3220,15132,2614,-12591,3721,268438473
-48,-1008,16576,6760,-20180,-1875,268438473
888,356,16068,7314,-23372,-10272,268438473
2384,-188,16136,3955,-11132,-16937,268438473
2712,1112,17692,3333,-2261,-19415,268438473
2928,1976,17020,977,-3962,-17155,268438473
3160,2024,17564,-1782,-11995,-12119,268438473
5560,-28,16592,-2011,-8572,-8232,268438473
5632,-192,15680,217,1711,-5833,268438473
3924,692,14680,2417,15132,-6219,268438473
1824,1508,14584,4374,19933,-8148,268438473
1704,1184,16440,5172,20628,-9878,268438473
1628,1504,17504,4455,22249,-8349,268438473
-12,1476,17372,2143,19730,-5707,268438473
-788,1752,16924,-714,18616,-3164,268438473
-1680,788,15620,-3750,15371,134,268438473
-2788,844,15288,-5673,14563,2737,268438473
-3216,924,15944,-8215,21002,4149,268438473
-5520,2036,15000,-11425,26846,4474,268438473
-7660,2476,14036,-15009,27516,3000,268438473
-9252,1312,13696,-14735,28728,2590,268438473
-10472,72,12768,-12381,27891,3746,268438473
-9748,-2020,9052,-10193,21904,3900,268438473
-11588,-3916,9824,-7241,12318,4410,268438473
-11076,-1688,9312,-3326,4583,2202,268438473
-11308,-2088,9548,1046,1115,505,268438473
-11928,-2236,9708,4067,1098,-171,268438473
-10800,-1952,10380,4767,-3890,-199,268438473
-11400,-1692,11000,5397,-7432,-730,268438473
-12200,-2072,11644,4892,-9552,-279,268438473
-11232,-1052,12312,4280,-13092,-1615,268438473
-10964,-352,11484,3898,-15572,-3271,268438473
-10260,240,12612,5387,-17227,-3248,268438473
-8568,1328,11580,5123,-17773,-3996,268438473
-7792,688,12816,5619,-16909,-7246,268438473
-7464,192,13708,5328,-20964,-10604,268438473
-5956,-1256,15476,7005,-23621,-11481,268438473
-5372,1520,14676,7251,-16773,-7471,268438473
-4084,384,17248,3668,-5240,-7466,268438473
-3684,-204,17648,4809,-7569,-8933,268438473
-3520,396,16692,3492,-8536,-10215,268438473
-2524,-196,16756,1571,-10765,-10646,268438473
-1144,-1268,15532,-1505,-8871,-11118,268438473
-48,-496,13196,-2203,163,-11568,268438473
-1488,-856,12040,2865,7461,-13214,268438473
-2808,-200,14500,8319,3545,-13075,268438473
-3176,1048,16680,9765,-2278,-12069,268438473
-2424,348,17192,6579,-2016,-10417,268438473
-2140,716,15160,4682,-1950,-7871,268438473
-2132,408,15472,5368,-5758,-5908,268438473
-2396,1088,15900,6162,-9730,-5038,268438473
-2572,1452,15500,7301,-13963,-4843,268438473
-2356,1660,15536,8410,-13627,-5053,268438473
-2432,1764,15836,9243,-13458,-5510,268438473
-640,3604,16856,6857,-9499,-5506,268438473
292,2352,18364,3554,-5724,-3086,268438473
1264,1716,18212,15,-2816,787,268438473
1232,2056,17384,-1691,-1776,5237,268438473
880,2516,16388,-1672,-1143,9948,268438473
264,2540,16792,-2148,-2069,13713,268438473
-908,3212,17340,-4446,3057,13883,268438473
-1604,2028,16576,-6504,2507,12938,268438473
-152,1988,16108,-5990,1424,12776,268438473
48,1420,15548,-5560,826,13312,268438473
1200,1396,14572,-7156,2864,14836,268438473
424,1928,14144,-5614,5750,15556,268438473
1296,-1392,14764,-2099,2218,17719,268438473
296,-196,16300,2200,4331,18270,268438473
-240,752,14820,1966,3268,19184,268438473
24,0,15452,561,4397,16535,268438473
-1532,464,16736,1537,3966,15177,268438473
152,-2580,17052,2518,2480,13007,268438473
-2052,376,15280,3442,101,7432,268438473
-2104,1808,16524,2937,-162,5519,268438473
-1668,2264,16576,2460,-3,3193,268438473
-264,3280,16792,3001,1349,1556,268438473
236,2760,16380,3596,195,1375,268438473
992,3144,16352,3215,-99,1407,268438473
188,2592,16700,1289,3001,-737,268438473
-772,2052,16108,-902,5249,-6270,268438473
-216,2708,16232,-3936,2553,-9956,268438473
-384,1040,15828,-3139,1193,-13568,268438473
880,1948,14852,105,-2529,-15871,268438473
2180,3512,16696,2353,-4963,-17060,268438473
1672,2892,14788,2588,-2694,-17164,268438473
2684,2324,15488,3025,-1416,-17195,268438473
2516,1352,15920,5429,737,-13497,268438473
1552,1504,18072,7107,403,-10107,268438473
1116,2744,16632,5420,-2316,-7282,268438473
1676,2856,16148,4433,-6196,-4948,268438473
952,4140,16080,4948,-8186,-4352,268438473
-176,4232,15480,5673,-9682,-6857,268438473
-952,5196,14260,6932,-3731,-11235,268438473
-628,3792,15660,8774,-5131,-13943,268438473
736,4464,16280,9708,-6819,-14216,268438473
952,5068,17648,6768,-5064,-12899,268438473
556,5512,17348,3078,-3128,-10745,268438473
192,5160,16564,1072,-515,-8834,268438473
-136,4568,16788,408,-1961,-6477,268438473
204,3788,17668,-778,-5804,-3240,268438473
544,3072,17292,-3463,-5273,1953,268438473
1428,3420,16772,-6412,-4962,9574,268438473
1392,3948,15896,-7964,-1813,16109,268438473
484,3552,15224,-8795,1851,20927,268438473
-952,2724,14252,-8366,2190,23051,268438473
-200,2836,14596,-6601,-3758,24401,268438473
-20,1768,13996,-3418,-3892,24563,268438473
1216,1588,15364,1248,-5886,24269,268438473
912,2496,15220,3058,-3843,23265,268438473
1400,2496,15768,2167,564,20321,268438473
1804,2080,15692,1365,3259,16759,268438473
3448,-5940,17536,2854,4773,12493,268438473
20,2440,15236,3982,6124,5484,268438473
2464,3804,15208,4044,8253,3603,268438473
2680,2908,16040,3190,9187,2698,268438473
2268,1880,16864,2448,7313,2527,268438473
3196,2332,17412,1045,7561,4554,268438473
2916,2624,17144,-1410,8352,6263,268438473
1372,3544,17324,-1985,10970,4629,268438473
-536,3544,16008,-1926,12433,798,268438473
248,2640,15352,-1193,9376,-4031,268438473
552,2300,15428,55,9263,-7794,268438473
-160,876,16232,587,5184,-9629,268438473
-1304,1636,15748,-336,-88,-13626,268438473
-524,4564,15928,-1247,-3981,-17895,268438473
928,2588,16380,260,-2816,-16432,268438473
1804,1552,15380,1681,513,-14340,268438473
680,924,16208,4076,-1029,-12830,268438473
-856,2000,16212,5240,-3200,-10809,268438473
-1532,3164,16276,6262,-7345,-9732,268438473
-1984,4052,16876,6680,-7143,-9938,268438473
-360,3324,17256,6215,-7974,-11823,268438473
1048,3128,15104,4316,-5970,-13780,268438473
2068,3492,15352,3829,-8166,-13397,268438473
1728,3656,15880,2384,-6971,-11102,268438473
1064,3548,16156,1188,-6192,-8798,268438473
240,3504,16560,576,-4357,-8302,268438473
-460,3212,16128,-272,-603,-8642,268438473
-1252,3640,15636,-598,2626,-8498,268438473
-1796,2880,15208,-948,2153,-7784,268438473
-1872,2412,15956,-1405,-106,-6437,268438473
-1828,2316,16372,-2481,-280,-4828,268438473
-1600,1508,16936,-4480,776,-2784,268438473
-752,664,16808,-7639,2496,2209,268438473
-340,660,17280,-10916,4605,9312,268438473
-536,-160,16500,-12603,3587,16254,268438473
-1344,-80,15336,-12734,3680,21268,268438473
-2656,312,13872,-10138,3077,24334,268438473
-4488,-104,14236,-6053,-1676,24091,268438473
-4676,316,14456,-1903,-7307,20598,268438473
-3104,192,15824,931,-9028,16545,268438473
-1940,672,17220,2944,-7864,12294,268438473
-456,872,17468,3235,-4188,8633,268438473
-288,500,17316,1183,1123,5719,268438473
-168,872,16900,-271,140,5242,268438473
160,-176,16496,275,-294,6620,268438473
1424,-112,15944,290,-4005,9349,268438473
1380,312,15760,299,-7149,12676,268438473
1496,120,15648,367,-10240,14592,268438473
2516,460,17024,1508,-12300,13582,268438473
2976,-48,16568,932,-10283,12291,268438473
3340,-536,15652,-1136,-10289,9687,268438473
3416,-52,15024,-2062,-11763,6053,268438473
3980,-1496,14808,-926,-12339,4761,268438473
4904,-100,14484,1851,-11110,2987,268438473
5608,1120,14500,3998,-8162,1042,268438473
7196,1364,15208,5343,-8353,-1099,268438473
7452,1588,15916,6512,-8849,-2622,268438473
7044,1024,15176,4837,-8965,-3088,268438473
7120,1756,14472,2629,-8400,-3532,268438473
8112,1644,13804,2827,-7232,-2138,268438473
8604,2356,14448,4622,-1845,593,268438473
8808,2244,14656,4642,4049,1985,268438473
8436,2800,14900,3091,5467,2029,268438473
7648,2072,15256,1858,9105,-139,268438473
7100,3104,15376,1505,11269,-1781,268438473
5664,2664,14960,2629,11555,-4542,268438473
4484,2524,15088,3744,14782,-9195,268438473
3756,2788,14948,5185,18321,-14263,268438473
3756,3608,15452,7590,19529,-18638,268438473
1628,5264,14792,11623,13931,-20126,268438473
1628,6456,14068,13821,4692,-17510,268438473
1948,6360,14516,14356,-3980,-13058,268438473
2904,7868,15320,11581,-6867,-10631,268438473
2056,7300,16080,4845,-7330,-8957,268438473
2360,6488,15732,1093,-2490,-6656,268438473
1844,6808,14224,1575,-11,-4329,268438473
772,7056,13944,2181,-2460,-1862,268438473
16,7896,14572,3377,-3587,-2186,268438473
1740,6448,15860,6247,-3844,-1109,268438473
2036,8392,14012,9483,-3077,-79,268438473
1000,8428,14616,8918,-3092,-545,268438473
636,8984,15436,5780,-2637,-2496,268438473
560,9580,15228,584,-453,-5443,268438473
468,9612,13280,-2749,-796,-7789,268438473
1460,8332,11828,-2290,-420,-10291,268438473
1248,8420,11432,-48,-602,-12240,268438473
1304,8780,12132,856,-1266,-12368,268438473
356,7436,12744,-314,1000,-12237,268438473
220,8188,12104,-1370,4351,-12721,268438473
-124,6944,11836,-1916,6419,-12485,268438473
-996,6664,12096,-1443,9110,-12994,268438473
-2508,7484,12732,-429,7914,-13030,268438473
-2276,7876,13432,-175,5604,-11705,268438473
-3200,8044,14080,-2044,9463,-10277,268438473
-4264,7876,13816,-4581,11685,-9238,268438473
-5480,7444,13656,-6689,14211,-7890,268438473
-6620,6892,13668,-7806,11566,-6279,268438473
-7324,6660,12548,-8937,4482,-5809,268438473
-8308,5896,12732,-10827,1663,-5652,268438473
-8668,4208,15180,-11990,1186,-5127,268438473
-7748,3204,13652,-12397,91,-2745,268438473
-6856,732,14512,-11074,464,835,268438473
-7036,1596,14484,-9037,791,5571,268438473
-7776,3228,11224,-12082,5931,6398,268438473
-9692,2912,13888,-10173,-10228,8039,268438473
-7024,1060,14612,-10196,-12737,9572,268438473
-6400,428,14752,-10069,-13093,10283,268438473
-5652,1160,13804,-10724,-16114,10585,268438473
-5288,-56,13844,-7880,-19023,9066,268438473
-2824,1824,14624,-4219,-24651,8816,268438473
-1956,936,16868,-538,-22779,11342,268438473
-992,1836,17004,1513,-22660,13397,268438473
3020,1076,18144,-31,-14785,14192,268438473
1836,1948,18312,-1515,-9176,13862,268438473
2732,604,17284,-3054,-13051,14526,268438473
3592,804,16468,-2864,-11674,14265,268438473
3872,704,16076,-2708,-8029,12715,268438473
3804,920,16120,-2871,-3867,11130,268438473
3968,340,15856,-3636,-951,9941,268438473
3716,-8,15528,-4208,2134,8700,268438473
3536,-656,15544,-4211,3214,8916,268438473
4100,-300,16024,-4844,5837,8384,268438473
3912,-1084,16268,-6548,14699,7412,268438473
1468,-4284,16276,-5859,17000,6605,268438473
1676,-400,15872,-4575,15610,5493,268438473
760,-1068,16000,-3841,17066,3741,268438473
-548,-1792,16332,-2433,18416,2802,268438473
-1920,-1780,16428,-647,21172,1328,268438473
-2928,-1972,16528,1834,25175,-983,268438473
-5052,-1140,15780,4240,27322,-1756,268438473
-7776,-96,14536,5530,24942,-1818,268438473
-8616,-1356,14076,6436,21568,-4465,268438473
-8312,-808,13140,6507,16878,-5073,268438473
-8132,-1152,13040,4725,10235,-4470,268438473
-9192,-2652,13036,2233,4052,-4507,268438473
-7380,-3260,14480,-1882,-8260,-2211,268438473
-7068,-3328,13944,-4157,-15600,3070,268438473
-4516,-1904,12948,-5424,-19317,6653,268438473
-5060,-1080,13464,-5383,-15720,4275,268438473
-5748,-1492,13796,-4178,-10182,1994,268438473
-5668,-2644,14364,-2413,-11262,415,268438473
-6080,-2816,15468,-327,-11761,-116,268438473
-5020,-3312,14772,521,-12405,-2583,268438473
-4296,-2952,15004,3682,-10776,-5072,268438473
-2932,-1096,15056,6090,-6055,-5503,268438473
-3180,468,14748,6975,3844,-6246,268438473
-3500,-824,15360,7297,13386,-7398,268438473
-4560,-808,16324,7661,19037,-6472,268438473
-6920,-232,15680,7167,21442,-6756,268438473
-6592,-996,14764,5118,14332,-7094,268438473
-6184,-1304,15328,4333,6463,-7960,268438473
-6636,-1280,15132,4897,-4556,-9025,268438473
-5916,248,15300,5934,-12681,-10821,268438473
-6060,-844,15108,6601,-16911,-11355,268438473
-4288,-760,14200,7145,-17845,-9754,268438473
-2944,-860,14508,7812,-16085,-8559,268438473
-2184,-156,14928,8087,-15807,-8710,268438473
-1008,676,16400,8674,-15199,-10068,268438473
-548,1536,16460,8593,-11339,-11499,268438473
-828,1900,16880,8546,-5903,-9814,268438473
-656,2168,16740,8334,-2115,-7504,268438473
-2248,2904,17284,6251,-2113,-7399,268438473
-780,3184,17088,2400,-1086,-8784,268438473
-772,3204,16392,34,799,-10030,268438473
-1564,5020,16556,-660,-508,-11420,268438473
-1120,1964,16828,-1549,3530,-14945,268438473
-1548,1160,16352,-1987,4366,-15835,268438473
-1756,1772,16584,-1571,6466,-14437,268438473
-2712,1948,15424,-3220,8959,-14093,268438473
-2624,1952,14492,-4138,6763,-15788,268438473
-2160,156,14672,-2072,5387,-16664,268438473
-1992,-176,14824,-1265,6746,-14886,268438473
-2608,-224,15096,9,9138,-13201,268438473
-3956,860,14164,-727,8797,-12787,268438473
-3728,-720,14696,-726,5082,-12298,268438473
-4380,-1060,14392,193,2827,-10461,268438473
-5356,-1212,13568,952,-1495,-8305,268438473
-5444,-660,14656,1772,-5199,-6560,268438473
-5332,-592,15252,1396,-5177,-6016,268438473
-4784,-1172,15760,1186,-5704,-5187,268438473
-4464,-2224,15984,282,-8495,-2057,268438473
-4408,-2068,16524,1037,-5660,2313,268438473
-4992,-1980,16716,4336,742,6179,268438473
-6820,-1984,15504,1383,350,9320,268438473
-7704,-2044,15016,-2024,926,12614,268438473
-7924,-1324,14112,-1330,-3726,16136,268438473
-5148,-180,14492,-504,-4531,17929,268438473
-4588,52,15232,-1379,-4301,16507,268438473
-3980,-68,16124,-1376,-3591,14629,268438473
-3860,-80,16164,-609,-3112,14286,268438473
-2900,-636,16788,-233,-2675,15541,268438473
-2304,-892,17132,-1211,2451,17593,268438473
-3804,-896,16416,-4493,3942,20814,268438473
-4124,-456,15488,-6793,3438,24677,268438473
-2652,-364,15164,-7309,2254,26475,268438473
-3224,680,14556,-7028,5346,26457,268438473
-4124,1400,14348,-5581,9138,26608,268438473
-4372,2848,13676,-3194,16866,26112,268438473
-5024,1956,12164,-4066,16743,24099,268438473
-5576,112,13716,-2793,6175,24711,268438473
-6420,396,14792,1359,2255,24666,268438473
-11052,620,15548,3951,4262,22829,268438473
-9804,2156,16184,1808,2241,10175,268438473
-8116,948,16224,-2324,-10314,-942,268438473
-1676,-120,15520,-4971,-27611,898,268438473
2496,400,16148,-558,-10438,2461,268438473
1048,4296,16336,1795,-12245,7236,268438473
804,5216,17672,-1159,-10698,10147,268438473
-616,4104,18176,-4797,-6459,5967,268438473
872,2280,17576,-8445,-9858,10,268438473
2800,572,15380,-8403,-7853,-2352,268438473
1660,-164,13640,-2641,-584,-7892,268438473
528,1392,13412,2350,-9249,-8817,268438473
1372,872,13576,7188,-10816,-12531,268438473
1328,1900,13700,11983,-13867,-14927,268438473
2356,3020,16564,14354,-7479,-17170,268438473
2188,4124,18648,7547,-3081,-17487,268438473
2384,2672,16804,229,-2820,-15210,268438473
3488,2844,16128,-3954,-8296,-10361,268438473
3992,5224,16556,-5136,-7915,-4860,268438473
3572,5336,15996,-4480,-3014,-739,268438473
1676,3692,15972,-3153,971,1717,268438473
656,3464,16012,-1423,2825,2591,268438473
76,2960,15232,-1090,5744,2135,268438473
-296,3272,15512,-1326,5651,2141,268438473
-148,3160,15368,-1366,6044,2520,268438473
-1036,3208,15252,-1102,7464,2006,268438473
-1420,2688,14836,-659,5732,1229,268438473
-1160,2316,15248,774,2088,491,268438473
-508,2048,15736,2020,1288,-220,268438473
-456,2332,16308,2489,2310,-403,268438473
-236,3204,16488,2548,2710,-97,268438473
-416,4252,17364,1512,3229,258,268438473
-1060,4376,17268,-42,3826,234,268438473
-1388,4612,16548,-1245,4469,-120,268438473
-1596,3724,15024,-1688,5360,-1138,268438473
-1280,3060,14240,-385,4100,-2115,268438473
-992,2276,14612,2074,1954,-3340,268438473
-1164,2216,15052,3986,-984,-4450,268438473
-932,2344,15352,4042,-2646,-5606,268438473
-700,3624,15896,3539,-297,-6007,268438473
-324,3628,16232,2668,1409,-6211,268438473
-692,3668,15976,1329,4079,-6280,268438473
-1904,4484,15640,551,5165,-5059,268438473
-3284,4404,15860,857,5680,-5072,268438473
-4428,5068,15672,590,3411,-6432,268438473
-3752,4120,15416,-791,1046,-8122,268438473
-2600,3296,14868,-2699,-3634,-6897,268438473
-1948,2168,15112,-5047,-8066,227,268438473
-728,1684,15928,-7516,-2686,8344,268438473
-1044,2336,16396,-8660,1731,12567,268438473
-3460,884,15412,-8909,3920,16827,268438473
-3488,1656,15672,-9039,1583,18559,268438473
-3432,1916,15300,-6609,-4602,18954,268438473
-3360,2512,14892,-3661,-11540,18124,268438473
-1796,3436,15400,-1179,-11797,14667,268438473
-1536,2800,16080,382,-6511,10191,268438473
-1076,1616,16312,1021,-2206,4898,268438473
-724,1000,16140,2056,1250,671,268438473
-460,3160,16576,4081,4841,-2464,268438473
-1640,4076,15780,2624,10851,-7024,268438473
-2044,4492,17312,1548,11441,-13096,268438473
-2908,5308,17568,4538,12572,-17732,268438473
-3992,5384,16264,7256,11460,-21068,268438473
-5124,3836,14952,8750,5788,-22486,268438473
-2284,2780,15804,6429,-4857,-18680,268438473
1316,220,14204,3482,-7897,-15946,268438473
3768,-3068,15100,2634,-12006,-9835,268438473
1528,-1812,16428,2507,-14875,-1171,268438473
476,5032,16548,-880,-17840,8617,268438473
-704,5044,18292,-6057,-2608,13091,268438473
-1184,4560,17064,-10337,6071,15500,268438473
-1720,3612,15044,-11241,10213,19223,268438473
-2780,2468,14852,-9555,6434,20545,268438473
-3368,1228,15044,-4821,558,21206,268438473
-4060,756,14456,-1459,-3328,19202,268438473
-3592,1252,13868,-573,-6237,15280,268438473
-2684,1180,15136,-889,-2327,10080,268438473
-2764,972,16020,-287,1620,5985,268438473
-2604,804,15896,-134,1356,2898,268438473
-2404,1952,15760,595,-762,659,268438473
-1904,2024,16000,1658,-1742,-1918,268438473
-1808,2068,16316,3984,-4157,-4527,268438473
-1532,2856,16144,5717,-6504,-7855,268438473
-1792,3496,15556,6776,-6344,-12353,268438473
-1100,3624,16404,7583,-7250,-15862,268438473
-36,3316,16612,7734,-2424,-18720,268438473
1024,2268,15668,6460,-4799,-18567,268438473
1388,1064,15684,4923,-5682,-16605,268438473
3756,1368,15444,3745,-6979,-10384,268438473
4564,2488,16808,798,-2817,189,268438473
3584,3392,18072,-4644,2257,8646,268438473
2004,5328,18388,-9201,8342,12640,268438473
360,5108,16740,-12085,13322,14391,268438473
-1388,2988,15232,-13270,14181,14847,268438473
-3828,-1708,14904,-11546,11398,11281,268438473
-2588,1192,15500,-8890,2270,11818,268438473
-2604,1972,14960,-6078,2880,11392,268438473
-4132,1964,13764,-2731,6103,6553,268438473
-5772,1328,13576,167,10377,-2583,268438473
-5712,956,14240,4121,3193,-12380,268438473
-4404,820,15524,9986,-6029,-20425,268438473
-2112,2552,16860,14656,-15823,-23785,268438473
-72,3480,16204,14393,-14099,-24124,268438473
828,2300,17728,7790,-7065,-21615,268438473
1020,2856,18152,308,-287,-14924,268438473
896,3760,17536,-3895,4747,-8287,268438473
704,2312,16836,-4095,10067,-5224,268438473
-1012,1880,16560,-1902,11182,-3831,268438473
-2664,1792,15716,1717,8298,-2198,268438473
-4768,784,15532,3333,4458,-1251,268438473
-5384,940,14600,4194,-580,1841,268438473
-4672,2276,14088,4135,-2487,4635,268438473
-4052,3428,14376,2665,471,5246,268438473
-4984,3264,14976,514,2159,4396,268438473
-4536,2812,14576,-1749,-1969,4629,268438473
-3104,2456,14704,-3062,-2568,7093,268438473
-2220,1464,14188,-4655,-516,10308,268438473
-2796,1216,14644,-4785,323,12114,268438473
-3220,1208,14716,-4630,-2471,12375,268438473
-3972,1844,15272,-3693,-4475,11865,268438473
-4572,2456,14564,-3341,-7628,10262,268438473
-4940,2764,13840,-3653,-12540,7153,268438473
-3888,2092,15184,-2569,-22036,3530,268438473
-1028,2304,15252,-585,-22780,-377,268438473
1024,2108,16380,1916,-17259,-4861,268438473
3048,3072,18040,4361,-13222,-7545,268438473
3564,3256,18812,5020,-3271,-10331,268438473
3472,4212,17760,3513,-773,-13028,268438473
3908,3816,17052,2171,1192,-16573,268438473
4324,3468,16272,2582,5383,-18389,268438473
3940,2496,16724,2286,11251,-17399,268438473
3772,2368,14196,346,11003,-13030,268438473
3920,1508,13924,-1175,7867,-6657,268438473
2720,2376,15404,-146,3954,303,268438473
120,3128,16852,258,3975,4172,268438473
-1780,4344,16984,-1055,6173,4159,268438473
-2976,4732,16736,-2101,7842,2271,268438473
-2780,3756,16164,-2267,7579,277,268438473
-2152,2892,16156,-1560,3927,-26,268438473
-1584,2356,16612,-1397,3993,987,268438473
-1384,2136,17112,-1711,5139,2704,268438473
-1716,2504,16476,-4286,11847,3509,268438473
-1932,1728,15836,-6553,14845,4416,268438473
-3200,2220,14100,-7440,20874,4435,268438473
-5600,3140,12748,-6027,21241,3571,268438473
-8044,3464,11816,-2820,16875,-878,268438473
-8716,1916,12972,3895,1670,-6392,268438473
-8032,-288,13392,11311,-6986,-9101,268438473
-6076,1668,13156,14581,-13503,-8725,268438473
-4292,4200,13948,13135,-16758,-5493,268438473
-2712,5428,16472,9349,-14366,-2970,268438473
-1084,3808,18192,474,-15308,-1135,268438473
-1280,1684,19028,-10876,-8560,1788,268438473
-1084,4236,18800,-18231,-30,8569,268438473
-2324,3176,15288,-18277,12665,14646,268438473
-4624,2608,13196,-16350,14197,18855,268438473
-6184,1996,12072,-13564,12624,20068,268438473
-7556,1360,12096,-9174,7854,17970,268438473
-7528,1164,12032,-4279,-765,15802,268438473
-7404,300,12848,548,-4314,11962,268438473
-7104,-488,14580,4108,-10149,6305,268438473
-5960,1252,15520,6181,-13916,144,268438473
-5800,2692,16756,5400,-12260,-7353,268438473
-4912,2468,17052,6208,-15108,-15201,268438473
-2984,2720,16508,9153,-14880,-23039,268438473
-1392,4736,15692,12546,-12232,-26796,268438473
268,3208,15016,9038,-10816,-24675,268438473
968,3220,16824,2950,-8092,-16182,268438473
3836,2072,17756,-2841,-5036,-6355,268438473
4352,804,16732,-6838,1830,705,268438473
2972,476,15772,-8634,6437,6335,268438473
728,1452,14724,-7992,7449,10758,268438473
476,1360,14032,-6236,4029,14878,268438473
-512,956,14124,-3709,2380,17909,268438473
-2448,1488,14352,-149,443,20123,268438473
-3316,2720,14508,2707,-246,18941,268438473
-4516,3456,16120,2608,-1551,14840,268438473
-4564,3700,17692,587,-1052,9150,268438473
-4268,3832,18380,-2124,1027,3624,268438473
-3796,3912,17700,-3787,2480,-604,268438473
-1916,2144,16368,-3613,1452,-3079,268438473
-900,840,15784,-3102,-863,-4076,268438473
-52,440,16348,-2064,-853,-3642,268438473
-236,944,17064,-2390,-288,-2483,268438473
-392,968,16704,-5495,1715,-2009,268438473
-440,592,15660,-8082,3577,-1100,268438473
-1472,-216,14880,-8097,3381,621,268438473
-1920,-520,14128,-7664,2426,1755,268438473
-2664,24,13792,-5794,1027,3078,268438473
-3260,-716,14284,-2153,-336,4074,268438473
-3404,-1036,14700,1509,-1508,4050,268438473
-3116,-520,15200,5394,-3096,4295,268438473
-3292,-404,15928,9071,-662,2342,268438473
-4104,624,16268,11360,357,-2944,268438473
-3756,2140,16300,12743,-1949,-8913,268438473
-2576,3184,16152,13572,-424,-15046,268438473
-1856,4592,16460,12150,-298,-18404,268438473
-824,4596,17140,9804,-1201,-20635,268438473
-504,5040,16812,7344,475,-19081,268438473
-664,3828,16356,1808,-107,-15671,268438473
112,2672,16972,-1944,-4060,-12299,268438473
156,2684,16176,-1258,-3936,-9444,268438473
520,1108,15968,1521,-4522,-7753,268438473
204,664,15948,3399,-3434,-6342,268438473
-700,1384,16064,4872,-1500,-3010,268438473
-1332,2240,15916,4901,-1917,-374,268438473
-1540,3620,16436,4302,13,847,268438473
-2052,3960,16212,2348,8072,-240,268438473
-3352,4400,15836,-68,13509,-1496,268438473
-4372,3924,15556,-1015,17548,-2866,268438473
-6536,3416,14844,-1821,20471,-2871,268438473
-6848,3152,14052,-3916,16457,-3860,268438473
-7068,2688,13348,-5432,14615,-4372,268438473
-10244,3240,12876,-6112,12173,-2022,268438473
-7544,1080,12116,-5745,11769,-1204,268438473
-8512,896,12484,-4949,7805,-3131,268438473
-10576,-1072,15272,-690,2995,-2174,268438473
-7748,912,12796,3336,-314,1214,268438473
-7428,56,14084,6311,-4501,1149,268438473
-6460,952,13020,8222,-7118,1071,268438473
-6600,2876,13120,6588,-6417,727,268438473
-7592,3156,14536,4070,-6788,857,268438473
-7732,3680,14560,895,-6206,-370,268438473
-6740,3268,14628,-279,-3400,-373,268438473
-6776,3844,11880,-259,-1447,298,268438473
-8120,3004,12940,1595,-10611,1875,268438473
-6900,3896,12988,4353,-15983,1960,268438473
-5880,4240,14580,8409,-20776,3119,268438473
-4732,5100,14936,8312,-19075,4152,268438473
-3196,6012,15192,3059,-18122,5063,268438473
-372,5036,14940,-870,-12873,4445,268438473
-872,4000,16092,-255,-10554,3550,268438473
-760,4340,14780,4055,-4740,3260,268438473
-2796,5876,14608,9870,143,597,268438473
-1472,6128,16368,9748,-2598,841,268438473
-1428,5876,16420,11082,6387,-2805,268438473
-584,5492,14956,9058,5246,-4938,268438473
4,5040,15848,8343,7227,-6305,268438473
-1124,6716,15836,9174,10375,-5976,268438473
-2388,7660,15080,7445,9452,-2988,268438473
-4164,7964,14752,3350,5705,-1372,268438473
-4184,8000,14908,2205,4621,-2437,268438473
-3788,8144,14236,2289,7246,-2353,268438473
-4156,8196,13284,2248,7755,-2082,268438473
-5128,8100,12408,2151,7466,-1964,268438473
-5404,7784,11900,1526,5408,-1720,268438473
-5324,7136,10884,953,3748,-1909,268438473
-5856,7336,11004,1516,1903,-1122,268438473
-6556,7860,10636,1725,278,442,268438473
-6788,8372,11200,1138,-1339,1037,268438473
-5824,8360,12488,721,-1273,1236,268438473
-5948,8624,12332,-556,-1961,1510,268438473
-5168,8392,12660,-1069,607,1087,268438473
-5660,8592,12964,-1305,2308,894,268438473
-5180,7488,9272,-5622,-847,-208,268438473
-3684,7560,11996,-4183,-2364,363,268438473
-5472,7364,12892,-1035,383,1317,268438473
-5784,9036,13444,239,4331,2637,268438473
-6408,6512,10580,-6058,-2673,1650,268438473
-4616,7072,12608,-6588,-7561,2940,268438473
-4660,7040,13368,-6072,-5758,5701,268438473
-4444,6664,14340,-7442,-6429,8365,268438473
-4652,6756,13748,-11932,-7748,9660,268438473
-4072,7020,14348,-14311,-5732,8857,268438473
-3760,6292,14272,-13392,-1482,6969,268438473
-3520,4844,14344,-12956,-1377,5421,268438473
-2544,4528,14580,-13864,-5071,4517,268438473
-1560,3336,15848,-12541,-5361,4038,268438473
-1116,2488,16084,-8776,-1732,3826,268438473
-1020,2128,16924,-5042,-75,3831,268438473
-1076,2556,17528,-2489,840,3598,268438473
-1624,3044,18124,-1756,1391,4282,268438473
-2020,2700,17812,-1877,2651,4594,268438473
-2404,2744,17752,-2575,2200,4482,268438473
-2484,3076,17292,-2646,2005,4332,268438473
-2872,2840,16252,-1117,1739,3891,268438473
-2324,2344,16364,4079,1629,2491,268438473
-2392,2828,14260,10068,3813,1551,268438473
-3140,4596,13768,12850,2363,1665,268438473
-3284,5612,14272,11624,897,1540,268438473
-2724,6364,14948,5859,-641,1136,268438473
-1880,5076,15676,-1348,-1829,665,268438473
-908,4764,15364,-7992,-1823,1418,268438473
-792,4636,14096,-10867,151,2573,268438473
-1592,4124,13688,-12545,633,3777,268438473
-1900,3268,14408,-14363,-419,4132,268438473
-1584,2244,14096,-13730,372,3896,268438473
-1612,1452,14296,-12546,183,3508,268438473
-1764,340,15236,-11377,171,3087,268438473
-2260,440,15580,-9214,765,2929,268438473
-3076,564,15976,-7027,1184,2957,268438473
-3272,80,16524,-5934,-118,2157,268438473
-3024,-700,17208,-5252,-1086,665,268438473
-2988,-260,17896,-5274,-1014,-286,268438473
-2656,-1200,18120,-6655,-1316,-928,268438473
-1888,-1468,17748,-9050,-554,-184,268438473
-1780,-2176,16540,-10026,248,995,268438473
-2088,-2408,15076,-9735,347,1157,268438473
-2248,-3392,14832,-8167,-946,561,268438473
-2640,-3392,14484,-4629,-226,993,268438473
-2664,-3064,14496,-813,-1295,1414,268438473
-2620,-2444,15460,-622,-3039,931,268438473
-2080,-2420,15844,-2931,-2140,-110,268438473
-2276,-2588,15360,-4308,-1221,-582,268438473
-2420,-3452,15240,-4438,-1208,-1069,268438473
-2244,-3400,15884,-4920,-1744,-1905,268438473
-2188,-3916,15404,-5195,-512,-2446,268438473
-1752,-4624,15332,-4749,-563,-2693,268438473
-1388,-4884,15056,-3844,-260,-2405,268438473
-1360,-5284,15204,-2912,57,-1717,268438473
-1424,-5384,15180,-2466,427,-1004,268438473
-1508,-5364,15376,-2880,169,-932,268438473
-1600,-5312,15252,-3502,311,-940,268438473
-1736,-5552,15112,-4170,648,-1215,268438473
-1732,-5808,15016,-4825,1,-1600,268438473
-1692,-6048,14964,-5305,-229,-2095,268438473
-1644,-6536,14424,-4674,-625,-2018,268438473
-2092,-6984,15488,-1380,248,-789,268438473
-1992,-6768,13784,2277,-25,916,268438473
-1636,-6960,13516,5647,-3127,1410,268438473
-1276,-6876,13384,11899,-4570,3417,268438473
-848,-5476,13900,16942,-5232,4528,268438473
-1204,-4448,15672,18739,-3509,3454,268438473
-1644,-1932,16884,18054,-5526,2120,268438473
-1088,-396,17632,14147,-6713,-423,268438473
-704,-616,18708,8070,-4114,-2961,268438473
-520,-924,18620,5208,-824,-4302,268438473
-320,-840,16744,6131,3592,-5266,268438473
-1208,-532,16044,10094,2115,-4596,268438473
-1268,-96,15824,14438,946,-3949,268438473
-1100,672,16092,17189,-1627,-3887,268438473
-576,1772,16660,17173,-1341,-5009,268438473
-356,2936,16564,14508,-1471,-6404,268438473
248,3080,15548,12695,2028,-7034,268438473
-156,3852,15356,13132,6780,-5828,268438473
-912,4056,14600,15340,8016,-3415,268438473
-1568,5604,14816,15740,3882,-955,268438473
-2080,6504,15384,13466,4350,-746,268438473
-2532,6524,15228,10338,2102,-917,268438473
-2224,7232,15028,8245,784,-1108,268438473
-2012,7652,14508,6730,2128,-1059,268438473
-2232,7248,14180,5262,1512,-660,268438473
-1884,7488,14188,4111,1110,-224,268438473
-1992,7608,13776,3598,1326,53,268438473
-2156,7880,13080,3311,1387,379,268438473
-2460,7872,12908,2806,489,470,268438473
-2236,7788,12980,2855,-497,9,268438473
-2084,8624,13180,3478,-1568,151,268438473
-2140,9116,13436,3649,-455,374,268438473
-2612,8948,13368,2974,38,469,268438473
-2644,9640,13056,2178,-5,328,268438473
-2436,9300,13068,1439,152,14,268438473
-2344,9144,12800,1162,-185,-92,268438473
-2220,9372,12068,837,99,202,268438473
-2344,8964,12464,374,-1037,509,268438473
-2248,9296,12640,727,-63,313,268438473
-2332,9284,12284,349,-162,268,268438473
-2216,9212,12360,-365,-441,37,268438473
-1992,9092,12456,-551,441,-192,268438473
-2056,8720,12060,-899,72,-11,268438473
-2340,9272,12340,-284,574,167,268438473
-2812,9168,11972,337,373,-95,268438473
-2508,9148,12592,839,-635,-422,268438473
-2260,9328,13128,1461,-336,-194,268438473
-2388,9796,12496,1236,-168,-6,268438473
-2476,9716,13732,-58,36,-231,268438473
-2448,9340,13208,-796,774,-612,268438473
-2656,9596,12404,-1061,874,-188,268438473
-2768,9440,12796,-1505,37,-128,268438473
-2488,9036,12548,-1376,-54,-327,268438473
-2592,8944,12456,-915,330,-124,268438473
-2756,8740,12496,-892,287,-74,268438473
-2796,9004,12640,-1101,143,-254,268438473
-2848,9096,13040,-1794,491,-237,268438473
-2944,8896,12712,-3723,580,-405,268438473
-2388,8272,12148,-6471,-88,-378,268438473
-2072,7592,12288,-8116,-536,221,268438473
-2272,7032,12220,-8724,-644,901,268438473
-2704,6844,12756,-8617,-806,1328,268438473
-2944,6712,13792,-8868,89,1020,268438473
-2936,7184,14820,-11150,1096,593,268438473
-2636,6192,14684,-14637,1363,631,268438473
-2192,5772,14456,-17814,108,1727,268438473
-2248,5000,15172,-19771,-1298,3638,268438473
-2772,4096,16020,-19269,-636,4969,268438473
-3064,3616,16908,-17292,1561,4953,268438473
-3532,2772,16708,-14896,4425,3777,268438473
-3772,1804,15520,-14922,2801,1993,268438473
-3448,-56,16220,-14346,-807,487,268438473
-2804,-1552,16896,-12059,-1816,-538,268438473
-2344,-1832,17340,-10873,-872,-644,268438473
-1960,-2580,16684,-10190,1087,27,268438473
-2236,-2300,15904,-9436,905,1001,268438473
-2860,-2828,15676,-8376,-96,1465,268438473
-3216,-3500,15612,-7003,-478,1004,268438473
-3044,-3252,15388,-5485,-434,615,268438473
-3100,-3564,15216,-3662,-674,740,268438473
-3468,-3392,15452,-1970,-1445,859,268438473
-3484,-3176,15404,-519,-1814,400,268438473
-3172,-3020,15052,872,-1322,87,268438473
-2896,-3204,14648,2503,-1215,139,268438473
-2656,-3052,14620,3923,-2284,233,268438473
-2520,-2776,15300,4832,-2936,435,268438473
-2508,-2776,15776,5610,-2270,610,268438473
-2356,-2700,15832,6706,-1722,885,268438473
-2352,-1944,16116,7251,-2231,995,268438473
-2540,-1428,16760,6987,-2383,532,268438473
-2180,-1356,16812,7217,-1574,-260,268438473
-2300,-1180,15908,8944,-1548,-485,268438473
-1956,-248,15756,10808,-3232,-327,268438473
-1996,160,16080,12266,-3619,-706,268438473
-1900,1172,16204,13863,-2992,-1411,268438473
-2132,1872,15476,15674,-2234,-2710,268438473
-1660,2952,16032,16308,-1964,-3961,268438473
-1844,3492,16276,19555,989,-5239,268438473
-1316,5492,15892,21845,-310,-5049,268438473
-1760,6860,15552,20804,-308,-4570,268438473
-1668,6736,15660,16789,-1889,-4109,268438473
-1276,7124,16584,12457,-2825,-3885,268438473
-808,7572,16820,8305,-2622,-3095,268438473
-552,7356,15844,5721,-1293,-2447,268438473
-412,7576,14460,4864,114,-1701,268438473
-732,7456,13448,4966,-263,-633,268438473
-1272,8312,13188,5393,-406,197,268438473
-1728,9156,13420,5742,-125,-3,268438473
-1300,8812,12192,5590,10,-956,268438473
-1376,7644,11224,4982,-2710,-1220,268438473
-1528,9488,12268,6720,-1503,-466,268438473
-1472,9424,11140,6015,-1667,-163,268438473
-1352,9712,12100,5617,-1242,-34,268438473
-1308,10288,12032,4722,-672,-467,268438473
-1524,10936,12176,3205,855,-686,268438473
-1676,10748,11920,334,2349,-803,268438473
-2056,9668,12960,-4909,3469,-1462,268438473
-1812,9676,14496,-8935,10235,-4515,268438473
-1344,10832,13804,-11821,14393,-7800,268438473
-1880,9260,12292,-14991,17013,-9222,268438473
-2460,8652,12004,-17427,18200,-8868,268438473
-2952,8032,11020,-16841,19710,-6491,268438473
-4280,6092,10540,-13157,20219,-4282,268438473
-6680,5476,9492,-7482,19545,-1960,268438473
-8220,4704,9144,258,16394,-3687,268438473
-10540,6256,9164,4084,13583,-8493,268438473
-10832,5240,10432,5026,12555,-7606,268438473
-10652,5300,10344,4400,11196,-6479,268438473
-11332,5864,10888,2705,10854,-6213,268438473
-12636,4940,10520,1313,12584,-7805,268438473
-13148,4260,9272,344,11952,-8091,268438473
-11920,3360,8376,-271,9500,-8287,268438473
-12992,3256,9252,1054,7274,-7083,268438473
-12760,3628,8596,1679,6637,-5152,268438473
-13304,2628,7852,1100,3859,-1677,268438473
-13664,3848,7804,1948,196,2059,268438473
-13536,4264,7228,2722,-3322,3344,268438473
-13980,4264,7256,2482,-7082,4653,268438473
-13496,4608,7756,1701,-12470,7093,268438473
-12412,5184,7888,3028,-17201,9484,268438473
-11236,6312,7244,5062,-18750,10661,268438473
-10724,6620,8120,4339,-24519,10376,268438473
-9204,7140,11056,2960,-31110,11172,268438473
-7848,7584,13824,1559,-24787,10017,268438473
-6932,7064,13640,-1601,-20109,7102,268438473
-5360,6316,11968,-4192,-19405,6657,268438473
-3892,5916,11884,-4883,-23745,8432,268438473
-3320,6444,14156,-435,-22227,9427,268438473
-2204,7432,15288,-214,-24978,10070,268438473
-1828,8016,16516,-2817,-18731,10314,268438473
-720,7228,15940,-7761,-17126,9421,268438473
1152,6732,15272,-9798,-16483,8148,268438473
2400,5596,14272,-8641,-13125,6833,268438473
3216,4620,13500,-7286,-13219,6115,268438473
3524,4928,14100,-5793,-11864,5719,268438473
3620,5372,14628,-5457,-9631,5480,268438473
4364,4548,15468,-6488,-6927,4868,268438473
4428,4556,14984,-7426,-3183,3958,268438473
4240,4108,14152,-8866,-2344,3780,268438473
5160,3072,14268,-8389,-2623,2779,268438473
5604,3388,14792,-6509,-1268,1812,268438473
5628,2444,15516,-6126,1699,1653,268438473
6020,1960,16768,-8081,4832,1610,268438473
6236,1556,18232,-11050,7102,1773,268438473
6124,1308,18816,-14208,9961,1772,268438473
5712,1028,17644,-16542,13353,2119,268438473
4764,196,15372,-17441,13450,2978,268438473
3784,-2016,14964,-12071,15954,3384,268438473
2472,-3116,14676,-5359,16948,3252,268438473
1460,-3404,14572,143,16605,2967,268438473
112,-2436,14804,3355,14959,2724,268438473
-3148,-3720,15888,4304,11700,-2407,268438473
-2324,-1452,16632,6050,13858,-3153,268438473
-2260,-1520,16008,9479,18500,-2598,268438473
-3336,-500,15568,11459,19655,-1835,268438473
-4740,252,16172,11890,20514,-1244,268438473
-6716,1056,16432,11842,24035,-1923,268438473
-7836,1680,14916,11658,26307,-4082,268438473
-8436,1800,13580,12815,24870,-5871,268438473
-9024,2072,12836,12306,19449,-6081,268438473
-9328,2188,12568,10952,14939,-5518,268438473
-9440,2388,11844,9409,11415,-5053,268438473
-9872,1984,11416,6922,10400,-4211,268438473
-10796,2096,10612,3463,9195,-2939,268438473
-10984,1876,9560,353,6197,-1265,268438473
-11352,2064,8988,-996,2271,-139,268438473
-11900,2116,8456,116,-431,1015,268438473
-12224,2128,7868,1505,-5451,2263,268438473
-11736,2752,7364,2530,-13489,3928,268438473
-11048,2488,9600,4527,-21749,5490,268438473
-9616,3408,11380,5392,-23619,7170,268438473
-7924,4072,12396,3072,-22772,7732,268438473
-6456,3964,14296,-747,-25738,8915,268438473
-5408,4544,15944,-3931,-25156,9774,268438473
-5748,4992,16868,-7058,-21120,8685,268438473
-4892,4780,16500,-9783,-14161,7417,268438473
-4184,3996,14940,-11665,-9258,6232,268438473
-3156,3064,14316,-11045,-11010,4815,268438473
-1920,2440,14664,-10231,-10558,3852,268438473
-624,1648,15896,-9725,-7585,3888,268438473
-548,1316,15572,-9102,-4647,3624,268438473
-960,784,15236,-8068,-2464,3061,268438473
-924,696,14884,-6953,-887,2125,268438473
-1020,100,15220,-5709,208,1967,268438473
-1088,-16,15624,-4657,817,1763,268438473
-1192,-276,16436,-3640,2185,1703,268438473
-1628,-524,16980,-2897,3731,1430,268438473
-1988,-980,17428,-1650,7134,609,268438473
-2628,-968,17060,523,10926,-105,268438473
-2944,-1044,16568,4081,14765,-745,268438473
-3356,-628,16248,8517,18338,-1591,268438473
-4428,224,14836,11822,18823,-2121,268438473
-5572,1368,14464,11156,16560,-2734,268438473
-6864,2252,15108,9059,13555,-3130,268438473
-7352,2184,15580,8488,12541,-3394,268438473
-7944,2516,15756,9029,10987,-3455,268438473
-8160,2744,14292,8655,15989,-4720,268438473
-8836,2784,12676,8808,16275,-5239,268438473
-9292,2684,10788,7254,10042,-5126,268438473
-9184,2308,10776,5114,410,-3085,268438473
-9044,2336,11200,3718,-5068,-244,268438473
-9056,2936,11604,3007,-7891,1970,268438473
-8844,3320,11216,1985,-13673,2897,268438473
-8176,3792,10168,540,-19814,3775,268438473
-6872,3024,11564,676,-29431,4471,268438473
-4772,3172,14140,3810,-31328,5844,268438473
-4012,4356,15436,4998,-23871,6601,268438473
-4068,5388,16092,2243,-19959,5748,268438473
-2616,5828,17340,-802,-19444,3605,268438473
-652,4860,17236,-3758,-18071,2570,268438473
640,3880,15556,-6664,-17279,3097,268438473
1524,3748,16224,-7082,-16900,2820,268438473
2188,3936,16812,-7015,-11992,2503,268438473
2528,3648,16756,-6024,-4797,2379,268438473
2156,3136,15064,-6042,-363,1649,268438473
2364,2028,15488,-5808,-619,509,268438473
2348,2728,15400,-5677,587,351,268438473
2088,2148,16136,-5098,2233,1360,268438473
1368,1692,16512,-4978,4878,1634,268438473
704,1660,16764,-6344,6123,1226,268438473
908,1080,17548,-7505,9199,61,268438473
764,716,16992,-8357,10737,-332,268438473
632,-36,16328,-8506,11063,-419,268438473
632,-716,15836,-7333,12840,-506,268438473
-256,-1384,15364,-4251,16248,156,268438473
-1932,-1312,14968,-314,17806,524,268438473
-2892,-1524,14704,3473,17092,510,268438473
-3944,-824,15552,8323,20325,488,268438473
-5224,104,14808,11128,21244,660,268438473
-6864,1136,13856,11090,16792,426,268438473
-7612,1884,14088,10651,11907,-256,268438473
-8320,2552,14104,10333,10552,-654,268438473
-8784,2964,14184,7586,8492,-1243,268438473
-8620,3084,14088,3803,4243,-2150,268438473
-8120,2572,13956,753,1254,-2210,268438473
-7680,2080,13332,-1073,-1577,-1418,268438473
-7036,1592,12636,-2516,-5632,-216,268438473
-6436,1600,11356,-3920,-10805,1198,268438473
-6160,764,12692,-3586,-19483,2503,268438473
-5540,1872,15424,-441,-19056,4218,268438473
-5960,2936,16688,757,-12063,4199,268438473
-6128,3556,16300,-749,-6812,1655,268438473
-5368,2812,15948,-2332,-5436,-674,268438473
-4116,2280,15364,-2632,-3124,-898,268438473
-3780,1988,15148,-2230,-1419,-357,268438473
-4220,1964,14900,-1360,788,11,268438473
-4608,2208,13988,-1186,2184,-535,268438473
-4692,1784,13220,-1787,-801,-1269,268438473
-4356,1520,13024,-945,-4034,-1721,268438473
-3916,1192,13396,1171,-8167,-1554,268438473
-2872,1544,14296,2627,-9474,-1354,268438473
-2552,1404,14008,3317,-11703,-673,268438473
-2476,1088,16296,4383,-18252,262,268438473
-1096,2612,17824,2924,-19585,899,268438473
384,2092,19480,-457,-17126,339,268438473
1208,2004,18444,-4621,-13284,-740,268438473
2408,1040,18400,-6793,-12779,-1500,268438473
2988,1032,17840,-6479,-6820,-1357,268438473
2964,828,17440,-6217,-2717,141,268438473
2600,468,17248,-5316,1015,1002,268438473
1940,476,17012,-5652,3715,915,268438473
1616,68,17660,-6441,5928,503,268438473
1104,-136,18156,-5016,15772,471,268438473
104,-120,16272,-3372,24750,326,268438473
-800,-612,14248,-2025,26920,-467,268438473
-1724,-944,13800,117,25745,-309,268438473
-3600,-776,14588,2229,24921,1072,268438473
-5432,-352,14924,2591,25764,920,268438473
-6692,72,14128,1224,25129,-171,268438473
-7468,-180,12692,385,21930,-959,268438473
-8904,-440,12792,491,16959,-552,268438473
-9424,-364,13056,969,15164,-131,268438473
-10052,-124,12220,-6,14745,-48,268438473
-10928,-88,12000,-508,12282,56,268438473
-11432,60,10732,-1385,9782,265,268438473
-11628,-364,10080,-1641,6253,266,268438473
-11424,-480,10064,-850,2970,583,268438473
-11148,-668,9660,134,1032,1135,268438473
-11212,-376,9764,882,12,1520,268438473
-11304,-188,9332,1010,-2013,1323,268438473
-10688,-248,9008,1059,-5015,726,268438473
-10160,-16,9152,1373,-9012,1056,268438473
-10056,192,10136,2934,-10865,1569,268438473
-10240,832,11020,4515,-11029,1975,268438473
-10092,1520,11084,4758,-12057,1510,268438473
-9588,2308,10372,4001,-15021,513,268438473
-8896,1492,11452,4450,-20123,-182,268438473
-7680,1984,12916,6083,-24145,-584,268438473
-6616,1620,15924,9069,-24474,-840,268438473
-4440,2884,16900,8899,-22386,-890,268438473
-3420,2372,18096,4477,-20963,-911,268438473
-1828,2224,18516,-1295,-18563,-1110,268438473
-1024,1624,18956,-6329,-13670,-1359,268438473
-364,1336,18212,-9259,-8634,-423,268438473
-464,804,16364,-10045,-7049,551,268438473
-692,676,15504,-8793,-7270,1503,268438473
-760,108,15664,-5919,-6298,2090,268438473
-884,-252,16968,-3903,-2962,2155,268438473
-868,4,17024,-4699,733,1966,268438473
-768,-456,17588,-6718,2894,1750,268438473
-236,-828,16928,-7972,5856,2373,268438473
-192,-1416,16852,-8745,8029,3490,268438473
-508,-1552,16036,-9209,10580,4340,268438473
-1452,-2012,15260,-8568,12570,5055,268438473
-2604,-2240,14980,-6724,14304,5380,268438473
-3048,-2844,14796,-4692,17165,5168,268438473
-3744,-3292,14084,-1995,19864,5921,268438473
-5524,-2740,13356,937,19387,6832,268438473
-7704,-2168,13580,3374,17446,6365,268438473
-9120,-1568,13880,5083,16430,4886,268438473
-10956,-1620,14924,5928,13088,3696,268438473
-10240,-344,14148,4348,13718,1509,268438473
-10628,-1452,13580,3665,16401,232,268438473
-10224,-1044,11588,2752,15806,-69,268438473
-10464,-1196,10224,1476,10813,481,268438473
-10988,-1352,10432,1758,7196,1640,268438473
-11680,-520,10024,2917,7895,2263,268438473
-11908,-196,9108,4017,8849,2170,268438473
-11720,0,8596,4306,6918,1832,268438473
-11952,-96,7904,4437,3316,2077,268438473
-11920,360,7672,3798,-469,2002,268438473
-11580,244,7876,2594,-5154,1469,268438473
-11000,324,7952,1857,-10547,1139,268438473
-10256,440,8948,1924,-15820,1580,268438473
-9968,752,10836,2833,-19236,2156,268438473
-9816,1692,11012,2384,-21747,2736,268438473
-9836,1800,11296,485,-29977,1930,268438473
-7752,2032,12828,-482,-32768,388,268438473
-4592,784,16440,158,-32768,-882,268438473
-2444,1448,17752,513,-28104,-922,268438473
-1872,1608,17696,58,-19915,50,268438473
-1452,1440,17748,-18,-14144,-259,268438473
-920,1576,17268,-1462,-11351,-299,268438473
-704,1220,16880,-3229,-11199,-16,268438473
-124,1088,16540,-3142,-9878,126,268438473
340,1072,16484,-2493,-7820,389,268438473
688,612,17024,-1388,-4580,236,268438473
668,788,16604,-1666,-1602,267,268438473
404,504,15952,-2704,-396,-120,268438473
736,240,16144,-2501,625,-482,268438473
980,240,16380,-1452,2850,-660,268438473
936,324,16356,-713,4864,-491,268438473
464,24,16232,-223,5630,-353,268438473
188,-80,16136,90,6045,-345,268438473
-364,20,16652,1493,6760,-172,268438473
-840,228,16732,2370,9344,-595,268438473
-1456,196,16516,2621,11198,-1105,268438473
-2172,384,15928,3099,12315,-1450,268438473
-2936,356,15800,3957,13543,-1737,268438473
-3380,472,15740,4840,14514,-1789,268438473
-3968,848,16388,6454,16790,-1723,268438473
-4488,1036,16860,9362,23968,-2367,268438473
-5624,1304,15404,11519,30026,-3063,268438473
-7400,2128,14184,10934,27350,-2373,268438473
-8700,2788,12232,7675,21955,-1858,268438473
-9688,3152,10880,3357,15032,-765,268438473
-10316,3416,10368,2078,11207,-309,268438473
-11012,3152,9724,3141,11442,-340,268438473
-11812,3492,8532,3528,7765,192,268438473
-11776,3576,7296,1070,-1268,361,268438473
-10616,3028,8612,-2701,-12839,1333,268438473
-9708,2716,11228,-5888,-20017,3362,268438473
-9244,3232,14448,-11360,-18956,4357,268438473
-8896,2792,14684,-16101,-16453,3560,268438473
-7892,2160,14208,-19629,-18185,2598,268438473
-7044,1008,13580,-21288,-23082,3040,268438473
-6248,-68,14572,-19717,-23109,3193,268438473
-5124,-724,14680,-15500,-17497,2880,268438473
-4556,-1200,13936,-10566,-8870,3725,268438473
-4328,-1724,13148,-6173,-7673,2187,268438473
-4196,-1292,14160,-2973,-7805,1169,268438473
-3476,-1656,15576,-833,-7100,885,268438473
-2784,-1668,16236,-1359,-6684,804,268438473
-2876,-1636,16288,-2432,-5415,692,268438473
-2608,-2016,16020,-2193,-5134,121,268438473
-1988,-2216,15632,-2314,-5878,-437,268438473
-964,-2604,15800,-3449,-7423,-1214,268438473
-340,-2920,15596,-2878,-7762,-934,268438473
32,-2732,15344,-2328,-8282,-455,268438473
-80,-2828,15356,-1703,-9900,-671,268438473
28,-3016,16120,-205,-10034,-1351,268438473
424,-2380,16460,1105,-7504,-2003,268438473
768,-2412,16300,2760,-4579,-2513,268438473
1156,-2152,16372,4507,-2545,-2639,268438473
1412,-2264,16372,5865,-507,-2550,268438473
1424,-2340,16420,6786,374,-2353,268438473
1280,-1768,17184,6544,1831,-2801,268438473
1096,-1020,16804,5191,4107,-2513,268438473
900,-1292,16788,4944,5940,-2023,268438473
516,-728,16544,5039,7318,-1395,268438473
-52,-792,17208,5524,9498,-1123,268438473
-892,16,17544,6188,12627,-890,268438473
-1720,540,16876,5521,15313,-1283,268438473
-2476,752,15920,4526,15054,-2004,268438473
-3004,916,15672,4452,14905,-2580,268438473
-3920,800,15412,5954,15819,-2808,268438473
-4468,948,15580,7494,15955,-3095,268438473
-4692,1156,15564,8235,19001,-3967,268438473
-5852,1360,14284,7325,18481,-4237,268438473
-6472,1336,14124,5862,14545,-3766,268438473
-7568,1932,14644,4143,11710,-3038,268438473
-8084,2148,14516,3249,14638,-2905,268438473
-9316,2348,13592,326,14174,-2766,268438473
-9832,2660,12148,-3392,10359,-2897,268438473
-10308,2144,11540,-7372,4691,-2571,268438473
-9824,1632,11756,-10954,557,-2068,268438473
-9872,972,11036,-13914,-3738,-1145,268438473
-9512,-80,11316,-17282,-13846,611,268438473
-7944,-1116,12020,-18712,-17724,1600,268438473
-7196,-2904,12676,-15496,-18624,2870,268438473
-6980,-3072,12128,-9757,-16078,5120,268438473
-7392,-2436,12408,-5723,-15176,5645,268438473
-7364,-1612,13556,-3452,-14900,4299,268438473
-6828,-1880,15156,-2788,-15131,2753,268438473
-5484,-2324,15960,-3266,-15134,1789,268438473
-4236,-2256,16128,-4348,-13012,1777,268438473
-4152,-1996,14268,-3423,-9289,1906,268438473
-4096,-2824,13232,-294,-11444,1036,268438473
-3192,-2056,14796,3820,-13583,819,268438473
-2352,-2064,16156,5145,-13749,-289,268438473
-1160,-1728,16688,4106,-11135,-1424,268438473
-432,-2004,16584,2206,-11262,-1742,268438473
32,-1708,16384,-328,-12731,-1570,268438473
1360,-2236,16748,-1330,-12445,-2138,268438473
2080,-1776,15240,-1227,-10434,-1840,268438473
2016,-2220,15100,-124,-10545,-1444,268438473
2696,-2308,15868,3968,-7851,-2432,268438473
2720,-1392,15984,7283,-4073,-3789,268438473
2992,-584,16692,8841,-153,-4861,268438473
3012,-272,17128,9979,3168,-5637,268438473
2836,192,17916,11071,7996,-6692,268438473
2684,976,18168,10773,14676,-6664,268438473
2176,856,17308,9132,18167,-5749,268438473
1480,1336,15968,7952,19098,-4633,268438473
-20,1708,15464,6496,15010,-2937,268438473
-948,2216,16372,6627,13997,-1691,268438473
-1928,2824,17508,7091,18015,-1737,268438473
-3536,3220,15168,6514,22684,-2875,268438473
-4468,3488,11980,3012,14467,-3034,268438473
-4636,2528,13532,3450,6885,-1766,268438473
-5016,2964,14232,6920,7381,-937,268438473
-6360,3912,14952,9091,6367,398,268438473
-7124,5304,14668,7497,2537,715,268438473
-7304,5296,16164,4797,-4374,127,268438473
-6040,5016,15852,1782,-1711,-959,268438473
-5592,3964,14096,-1123,349,-911,268438473
-5968,4148,13688,-3400,-539,635,268438473
-5956,4316,14536,-7506,-2346,1143,268438473
-6000,3992,15312,-12828,-4187,987,268438473
-5608,3684,15516,-17042,-5035,629,268438473
-5124,2876,14836,-18805,-3916,168,268438473
-5040,1960,13984,-17816,-863,-494,268438473
-5036,76,13300,-14082,4122,-1029,268438473
-5036,-664,12324,-9719,6127,-812,268438473
-5384,-1332,12840,-5685,4988,-395,268438473
-5864,-1356,14240,-2321,4927,-485,268438473
-6324,-892,14656,-2183,7190,-601,268438473
-6532,-1280,15736,-2060,7676,-747,268438473
-7000,-840,16016,-2365,11709,-791,268438473
-7936,-1248,15404,-2769,13905,-1027,268438473
-9072,192,17128,-1040,7083,-347,268438473
-8060,-1568,15536,-3511,15766,-1578,268438473
-7916,-2100,12140,-3051,21559,-843,268438473
-9164,-1980,9104,-3557,16533,235,268438473
-10760,-1428,8360,-3280,8816,1032,268438473
-11268,-2136,8548,-1379,3813,1470,268438473
-11348,-1424,9640,-64,-472,1673,268438473
-11440,-1104,9996,-66,-5307,1842,268438473
-10748,-1164,10152,-1170,-12483,1730,268438473
-9000,-1676,10200,-2728,-17157,2411,268438473
-8344,-1724,10744,-3431,-18975,3011,268438473
-8172,-2068,11612,-1573,-18876,2680,268438473
-7944,-1408,11744,-220,-20183,2351,268438473
-7488,-1108,11976,-678,-27284,773,268438473
-5180,-2288,15300,-52,-32768,-1358,268438473
-1484,-2616,19344,-19,-30682,-1183,268438473
-492,-2164,19316,-4730,-20870,1032,268438473
-768,-2384,17144,-9680,-18946,1179,268438473
12,-3432,16508,-9721,-18262,838,268438473
496,-2984,15744,-6709,-12169,1136,268438473
236,-2712,14132,-2693,-7256,276,268438473
328,-3560,14936,3749,-3747,-1315,268438473
696,-2244,15536,10459,275,-2882,268438473
572,-1844,15936,15917,1258,-3497,268438473
840,-668,16624,18075,967,-3787,268438473
676,52,17132,18753,1808,-4994,268438473
64,772,17252,16640,1416,-6688,268438473
1208,1780,19608,15196,4148,-9701,268438473
1460,2768,17708,16153,7132,-11153,268438473
2244,3328,17656,14155,5913,-9220,268438473
2456,3360,18960,10108,6563,-5366,268438473
1216,3696,17732,6257,9580,-1552,268438473
-644,4520,17004,1705,8435,465,268438473
-1684,4488,15500,397,9704,-78,268438473
-2364,4768,14472,1821,10200,-568,268438473
-3516,4680,14704,5710,14008,-3011,268438473
-3956,5084,14024,7491,14774,-6009,268438473
-4472,4984,12796,4104,12473,-7205,268438473
-4060,4536,12916,1681,10900,-6450,268438473
-4424,5208,12920,271,8895,-4807,268438473
-4324,4276,13196,623,10910,-3219,268438473
-5860,4720,11940,-391,9738,-1548,268438473
-6660,4420,11804,-317,6786,-577,268438473
-7704,4732,11896,122,1859,648,268438473
-7532,5416,12552,-2260,-4123,2034,268438473
-7144,3408,12868,-9105,-14655,3891,268438473
-4744,3808,14604,-14061,-26247,4947,268438473
-3556,3160,17012,-10953,-21802,7510,268438473
-4340,3788,15192,-7700,-13182,6016,268438473
-3772,3232,13132,-6303,-17017,3729,268438473
-1500,2556,15804,-2324,-22258,3598,268438473
-404,3196,19284,2236,-15498,3646,268438473
-1252,4248,17660,5330,1683,604,268438473
-2932,4280,15444,6738,3465,-3568,268438473
-480,4284,15860,12821,7970,-7831,268438473
-60,3872,15020,19820,16392,-9598,268438473
-1244,5132,14868,21141,14219,-8968,268438473
-3356,6580,15992,13574,4787,-6450,268438473
-2532,6652,16688,5005,1930,-4615,268438473
-1512,6376,16252,-3876,1489,-2210,268438473
-1916,5128,14176,-7597,3936,-97,268438473
-4308,6656,11540,-10834,-8178,4327,268438473
-3176,6416,16368,-13056,-11995,7811,268438473
-4468,6328,16344,-12245,-1567,5055,268438473
-4104,4732,14308,-14978,-3470,1705,268438473
-2104,3452,14740,-15833,-7769,1698,268438473
-508,2096,15472,-12919,-5662,4304,268438473
-1064,1136,16812,-9222,3702,6716,268438473
-2272,1388,16012,-8073,10265,5392,268438473
-3256,1260,14424,-7813,9369,2984,268438473
-3224,1428,15124,-5706,7641,1828,268438473
-3352,1804,15960,-3687,10193,517,268438473
-3332,888,16816,-3023,11489,-280,268438473
-3716,-40,16128,-3322,16616,-621,268438473
-4832,584,15308,-3562,15306,-1455,268438473
-5340,-232,15288,-2996,15239,-1756,268438473
-6044,212,15092,-3574,14143,-1097,268438473
-7020,456,13912,-4182,12534,-793,268438473
-7408,-68,13216,-3742,10884,-746,268438473
-8072,-116,13060,-3376,8307,195,268438473
-8920,112,13052,-3406,4045,824,268438473
-8960,-380,12868,-4096,-426,404,268438473
-8548,-900,12720,-4701,-3316,320,268438473
-7828,-1528,11724,-5168,-8267,464,268438473
-6820,-2480,11952,-4662,-16824,1365,268438473
-6324,-2460,12916,-2445,-19166,2842,268438473
-6320,-2036,13080,-1194,-18890,3065,268438473
-6160,-1404,13836,-1404,-22357,1946,268438473
-5296,-864,15120,-2087,-25250,597,268438473
-3844,-1408,16512,-3089,-27576,-1239,268438473
-1724,-1648,16836,-3399,-26118,-1888,268438473
-356,-1880,16852,-1987,-22446,-2583,268438473
1052,-1408,14980,-21,-15130,-3323,268438473
1712,-3148,16352,1553,-13057,-4292,268438473
2384,-1552,15852,2225,-10605,-5230,268438473
3232,-2080,16848,5021,-6220,-7703,268438473
3536,-904,16676,6776,-2458,-8884,268438473
3332,-76,17008,7921,1379,-9252,268438473
3672,-352,18624,8671,5323,-9008,268438473
3440,840,17652,7852,12478,-8406,268438473
3436,892,17580,6207,17032,-7610,268438473
2340,288,16384,5572,19044,-7097,268438473
1156,772,16556,4542,17719,-5201,268438473
408,996,17760,3448,19646,-3264,268438473
-1700,1716,17740,2082,23549,-2359,268438473
-3744,2044,16548,927,26925,-3237,268438473
-4884,1956,14664,375,28018,-4335,268438473
-5884,1968,12384,-1478,20487,-4564,268438473
-6188,1280,10732,-4495,6172,-2999,268438473
-6140,460,12380,-8063,-10591,457,268438473
-6984,828,13572,-9493,-16502,4392,268438473
-7104,528,12580,-9631,-23496,5767,268438473
-6152,-284,13588,-6293,-26341,4480,268438473
-4192,116,14468,-2053,-21909,2605,268438473
-3272,-464,16552,1253,-16210,241,268438473
-1700,188,17576,3841,-7108,-1997,268438473
-524,572,17676,3018,-2502,-3775,268438473
188,-160,17240,2561,314,-5903,268438473
2200,-1164,17816,6712,12574,-6641,268438473
720,-1460,15596,9268,21692,-5704,268438473
-1864,456,14064,6446,14474,-1573,268438473
-4692,1956,16620,-1578,-115,751,268438473
-5388,2708,16448,-7601,-7898,1476,268438473
-3012,1788,16696,-7006,-3308,1402,268438473
-3756,316,16184,-4466,3059,-148,268438473
-2528,-64,15908,-1033,290,-85,268438473
-2844,-404,14972,1772,2945,568,268438473
-2432,-104,14484,3995,4660,408,268438473
-2676,92,14672,6088,6586,490,268438473
-3952,1128,14492,7511,9981,-408,268438473
-6712,2588,14448,5313,7607,-2084,268438473
-4676,2604,15200,1133,122,-2556,268438473
-5256,1188,15544,-418,-1970,-4013,268438473
-4684,1656,15204,325,-2434,-5114,268438473
-3700,1092,15696,2342,-4306,-5802,268438473
-3392,1300,16080,3467,-5201,-6434,268438473
-2540,848,16028,3078,-4989,-6953,268438473
-2596,696,15716,1394,-4389,-5568,268438473
-1988,784,15620,767,608,-3852,268438473
-4468,1024,15916,1012,1719,-4455,268438473
-3876,1524,15664,4246,3581,-6076,268438473
-3932,1512,14668,5093,3296,-8630,268438473
-4464,1960,14632,4950,431,-9890,268438473
-3892,1708,15196,6502,-1588,-10048,268438473
-4108,1940,15516,8066,658,-9315,268438473
-4104,2584,14768,7269,1097,-8391,268438473
-4932,2472,16348,3053,-1337,-9629,268438473
-5276,2352,16324,618,-877,-11493,268438473
-4644,1840,15660,238,1084,-11876,268438473
-4936,1308,15056,1548,1833,-10486,268438473
-5624,1008,14912,2160,2161,-7368,268438473
-6332,1364,14912,1013,420,-5014,268438473
-6120,1536,14760,129,-1267,-3801,268438473
-5904,1704,14980,1097,-2556,-2069,268438473
-6944,1352,15024,1945,-3747,977,268438473
-7100,1424,14188,1733,-5047,4488,268438473
-7020,1352,14444,1344,-3836,7607,268438473
-6452,3028,14460,-987,-2790,10935,268438473
-7300,1848,15056,-3848,203,14730,268438473
-6412,1824,14588,-5428,1716,17928,268438473
-5540,2424,13736,-5559,1454,19659,268438473
-5096,3096,14144,-5002,37,20320,268438473
-4940,2496,14972,-5371,2686,22434,268438473
-6276,2544,14400,-8329,2597,22897,268438473
-5556,1960,15612,-9638,-662,22460,268438473
-4168,1876,15048,-7684,5895,19878,268438473
-5076,1216,13568,-6283,8692,16084,268438473
-4832,88,14020,-4332,8106,12274,268438473
-4520,-272,13668,-2930,8774,10915,268438473
-5452,-340,15052,-1359,5182,9738,268438473
-5980,1368,19300,2762,-16298,8053,268438473
-2388,3256,18048,1906,2250,8057,268438473
-1568,2236,15756,-3356,-1651,12353,268438473
-584,-488,15476,-6404,-2673,15683,268438473
-2312,1852,15628,-6830,-1981,18574,268438473
-3048,2396,15800,-6478,205,18882,268438473
-3304,1856,15576,-4254,1120,17562,268438473
-3504,884,15088,-2842,3604,16388,268438473
-4180,1656,15032,-2565,-1572,15073,268438473
-3544,2712,15940,-2229,-2432,13926,268438473
-3048,2504,15588,-1687,2273,11812,268438473
-2780,1600,15568,-1441,1236,9963,268438473
-2016,1212,15764,-1914,1525,9040,268438473
-1660,2844,14948,-3418,1849,8676,268438473
-1080,2640,15020,-3713,1224,7338,268438473
-1036,2464,16996,-331,-1784,5753,268438473
-1076,3536,16368,409,-2696,3956,268438473
-1100,3760,16348,-236,-1605,717,268438473
-1180,2200,17228,-1043,-2392,-2504,268438473
-928,1120,16860,-1973,-1227,-4870,268438473
-1148,1376,16916,-2409,-905,-7376,268438473
-1572,2104,17224,-646,-862,-8926,268438473
-932,2716,18560,402,-5351,-9266,268438473
-632,1332,20052,-21,-5635,-8531,268438473
-1112,980,19420,-3056,-682,-7318,268438473
-2544,1328,18040,-7362,286,-6994,268438473
-2804,1872,17912,-8113,151,-6746,268438473
-2476,616,17560,-6587,2503,-5761,268438473
-2804,-384,15492,-4781,4992,-4261,268438473
-3604,-296,14968,-2492,213,-2182,268438473
-4124,68,15488,129,-2478,-558,268438473
-3848,708,15460,1255,-1201,-963,268438473
-3652,1124,14988,-861,-2363,-2038,268438473
-2828,340,15184,-1582,-3849,-2178,268438473
-2168,380,14824,-2993,-3195,-2571,268438473
-1276,-528,14436,-3266,-1908,-3081,268438473
-792,428,12988,-2874,-50,-2629,268438473
-1076,864,11980,-3206,-501,-1320,268438473
-1568,944,10928,-3783,-394,-710,268438473
-1724,320,10032,-3195,-167,-1005,268438473
-2004,324,8920,-1302,1164,-1534,268438473
-2412,-832,9872,1416,-1725,-2172,268438473
-2220,-836,11712,5257,-2466,-2582,268438473
-2676,-140,13448,7951,-2777,-2368,268438473
-2348,292,15008,8686,-2138,-2221,268438473
-2956,252,17580,7566,-354,-3659,268438473
-3008,824,18136,5864,1659,-4676,268438473
-2320,1528,17664,3055,1426,-4994,268438473
-2892,740,17372,551,-438,-5268,268438473
-2080,304,17240,697,-763,-5055,268438473
-1996,-8,17044,2100,-351,-5217,268438473
-1944,224,16268,2531,450,-5350,268438473
-1520,-548,16764,1662,-5303,-4819,268438473
-1352,-2288,27860,4879,-7716,-779,268438473
3140,4204,17840,1820,-21407,-2264,268438473
1928,-3756,20340,-8945,-16808,-3340,268438473
5936,36,17384,-8991,-15778,245,268438473
4604,-392,15512,-5764,-8830,2018,268438473
4136,-1360,16200,-2184,-12601,1864,268438473
4572,312,15704,2901,-6893,248,268438473
4168,1300,14976,4927,-3010,-2133,268438473
4544,808,16116,4381,-1176,-4891,268438473
4716,1320,16240,3274,4582,-7193,268438473
3280,1492,14968,1648,7722,-8694,268438473
3076,1068,15496,2202,7244,-9359,268438473
1856,1536,15552,4140,9604,-8733,268438473
772,2204,16340,5223,6051,-6024,268438473
240,2660,17584,3510,2448,-896,268438473
-1072,1144,18280,601,7503,1827,268438473
-3048,2132,16420,-4360,7922,2529,268438473
-3764,704,16912,-7166,5152,2607,268438473
-4324,824,15572,-5600,6587,2330,268438473
-5336,948,14296,-3353,4727,1855,268438473
-5620,1172,14020,-1112,1351,537,268438473
-4804,860,14592,1395,-2674,-1970,268438473
-3088,1000,14868,2839,-5168,-3913,268438473
-932,464,15400,3092,-2496,-4726,268438473
-308,772,14896,2040,-1022,-4843,268438473
364,992,15664,948,-400,-4132,268438473
1064,1208,15988,-428,1171,-3334,268438473
1068,1168,16168,-322,2502,-3035,268438473
1756,1236,15892,1151,3859,-2820,268438473
2276,1672,15416,1681,4173,-2047,268438473
2760,1592,16040,1453,2876,-1493,268438473
3204,2096,16944,1413,2850,-629,268438473
3856,2096,17460,933,4669,90,268438473
3280,2368,17720,296,5476,867,268438473
2512,2528,16980,-1542,4611,1309,268438473
1816,2052,17036,-2856,2048,1163,268438473
1352,2132,18268,-2208,2208,1371,268438473
424,1928,17364,-2043,4284,1631,268438473
8,1380,17868,-2824,206,1940,268438473
-4,1624,17696,-2285,1551,3155,268438473
-1100,1548,16624,-2835,2454,3777,268438473
-1840,1344,16676,-2913,1493,3783,268438473
-2780,1336,16140,-2855,1445,3340,268438473
-3204,496,15120,-3485,1406,2115,268438473
-3148,-200,14588,-3158,1397,1539,268438473
-3044,-384,14704,-1804,-301,2213,268438473
-3224,-672,15244,-516,-638,3180,268438473
-3892,-600,15640,67,863,3468,268438473
-5192,204,15564,-704,1805,3585,268438473
-6128,-360,15332,-1955,2155,2599,268438473
-6628,-672,14924,-2322,2571,2109,268438473
-8000,-260,14264,-1780,3848,2443,268438473
-9040,796,13528,-1263,3371,1686,268438473
-9664,1576,13184,66,1532,-468,268438473
-9060,1484,12760,1670,-258,-2994,268438473
-7476,1472,12748,3026,-2147,-4656,268438473
-5880,1244,12784,3681,-3039,-5230,268438473
-4276,392,13512,3585,-4403,-5325,268438473
-2596,292,14388,3946,-3378,-4838,268438473
-1784,244,15148,3840,-2193,-4093,268438473
-1188,176,15980,3282,-1598,-3226,268438473
-228,580,16480,2785,464,-1917,268438473
-240,1340,16896,2310,1041,-925,268438473
76,1736,16736,2346,1683,-407,268438473
8,2016,16896,1948,433,32,268438473
584,2808,18640,1337,-9,494,268438473
-1772,1036,21720,5990,-10239,1422,268438473
3528,3636,18924,-2475,5837,-1172,268438473
1864,144,16044,-6152,4842,-550,268438473
2076,328,16068,-4841,205,455,268438473
476,752,17208,-1983,5,2179,268438473
-944,1524,17012,303,1139,2577,268438473
-1480,1616,17348,505,-1184,1287,268438473
-1188,1368,17848,-483,-1496,1155,268438473
-1724,1172,17580,-2415,-279,2362,268438473
-2768,1540,16844,-3497,1489,2808,268438473
-3780,1400,15836,-3306,2276,2342,268438473
-4436,500,15124,-3416,813,1504,268438473
-4236,412,14832,-2812,633,1600,268438473
-4520,356,14704,-1690,1293,2123,268438473
-5504,-172,14616,-1130,1483,2328,268438473
-6104,384,14360,-1355,1967,2149,268438473
-6656,540,14192,-1240,2148,1517,268438473
-6824,-448,13352,-1352,2154,243,268438473
-5904,-448,12668,-1620,1974,361,268438473
-6932,272,12168,-1663,2869,1429,268438473
-8916,-396,11924,-1347,2239,1223,268438473
-9548,208,12004,-559,1423,491,268438473
-10156,1380,12360,1494,562,-263,268438473
-10304,1484,12864,3161,-3774,-2047,268438473
-8028,912,13712,4244,-5846,-4901,268438473
-4904,272,13560,4489,-5635,-6033,268438473
-1920,48,14168,4418,-7656,-6057,268438473
92,740,15692,5822,-6838,-4282,268438473
1272,924,17568,6026,-4748,-2549,268438473
1444,1676,18536,4737,-2738,-1560,268438473
1460,2040,18492,2275,-3046,-910,268438473
2028,1108,20024,1756,-2897,-314,268438473
1816,808,19788,1455,848,1504,268438473
340,1244,19880,747,1248,2064,268438473
-432,1644,20260,-760,-738,1111,268438473
-340,2156,20480,-1423,606,996,268438473
-1044,2772,19920,-2024,2998,1002,268438473
-1616,2368,18176,-3386,2572,536,268438473
-1104,1968,17456,-4084,2495,243,268438473
-1728,2156,16116,-3896,4008,1082,268438473
-2788,2244,14912,-4483,4166,1088,268438473
-3568,1752,13792,-4552,4883,449,268438473
-3696,1660,12472,-4417,4272,268,268438473
-4164,1572,11644,-4513,2891,423,268438473
-4144,1376,10704,-4512,2381,-245,268438473
-4036,904,9556,-4204,2885,-874,268438473
-3956,232,8464,-3420,1741,-1193,268438473
-4280,-1052,8348,-1585,-1301,-1205,268438473
-3708,-1556,9236,1113,-3706,-1467,268438473
-3868,-2300,11024,4411,-5138,-396,268438473
-3884,-1608,13072,7588,-6594,835,268438473
-4268,332,15840,9023,-8683,1117,268438473
-3992,1012,18776,8424,-8814,471,268438473
-3628,2084,19484,6350,-4906,-46,268438473
-3224,1280,19580,3305,-6084,-842,268438473
-1768,844,19652,2668,-4420,-1211,268438473
-1204,716,18788,1433,-4213,-1522,268438473
-1588,3096,19192,2052,-26788,421,268438473
480,92,21664,-622,7504,-2320,268438473
-1152,2184,16900,-1761,2950,-760,268438473
344,-792,16652,-1611,-4451,27,268438473
844,0,16484,-937,-4510,979,268438473
124,-60,15476,-2572,-1248,1563,268438473
-176,240,11952,-3991,2461,1601,268438473
-484,-2696,11504,-3681,-1474,-275,268438473
-1144,864,11876,325,-9065,-336,268438473
-2832,5184,14612,3153,-12217,-466,268438473
-1148,2100,16364,4350,-9280,-614,268438473
112,4176,16416,3133,-11486,-394,268438473
1288,4600,19664,2789,-10175,-1627,268438473
3012,3620,19360,2424,-9264,-1855,268438473
3416,1820,16056,-41,1532,-1667,268438473
2308,-332,13188,-1540,-5604,-824,268438473
3004,1536,12992,-11,-13008,1046,268438473
4508,2032,13388,1997,-17130,504,268438473
-1296,-1752,14076,-3608,-6903,857,268438473
5344,3784,16400,-2677,-1674,1867,268438473
6684,436,13428,689,6898,-841,268438473
2524,1624,15192,745,5555,-1538,268438473
3368,2312,16164,-328,1518,-130,268438473
4512,1452,15300,-308,307,198,268438473
2080,2052,15136,-1297,-1074,725,268438473
1816,2332,15480,-2063,-3735,3466,268438473
896,2332,14704,-2049,-4219,8552,268438473
3324,592,14984,-3652,-6515,11028,268438473
6892,-156,13056,3765,4575,9520,268438473
6016,-920,17452,1246,4615,4969,268438473
3484,32,16024,-156,2399,-185,268438473
4688,504,12748,-682,11184,-2428,268438473
2104,3320,24504,2739,10309,-1135,268438473
4384,-108,13904,-359,5606,-153,268438473
2732,-184,18012,648,15238,-2005,268438473
4168,692,9920,-3375,30404,-2573,268438473
-2104,720,2384,-4754,-20565,1465,268438473
-804,-876,15804,-1823,2069,-216,26843