-112,784,16284,-22,-153,22,268438473
-176,804,16184,0,-194,29,268438473
-148,784,16160,-29,-165,17,268438473
-76,800,16052,-37,-155,8,268438473
-88,824,16204,-25,-241,-4,268438473
-56,744,16176,-36,-182,-33,268438473
-108,800,16152,-23,-202,-4,268438473
-72,884,16184,-27,-157,-1,268438473
-120,820,16236,-46,-183,-6,268438473
-168,740,16116,-24,-166,-11,268438473
-88,756,16380,-34,-188,-4,268438473
-76,820,16160,-40,-211,5,268438473
-96,808,16112,-23,-180,-1,268438473
-116,820,16228,-21,-164,11,268438473
-116,808,16188,-18,-196,6,268438473
-44,868,16148,-32,-191,25,268438473
-88,844,16136,-42,-219,20,268438473
-80,756,16284,-46,-173,-6,268438473
-176,760,16308,-19,-152,-2,268438473
-8,820,16124,-16,-175,6,268438473
-124,776,16152,-43,-185,36,268438473
-60,792,16264,-29,-190,17,268438473
-80,864,16280,-35,-199,16,268438473
-28,800,16128,-49,-176,-10,268438473
-12,840,16212,-41,-148,9,268438473
-116,836,16200,-43,-201,4,268438473
-20,812,16172,-46,-215,13,268438473
-112,840,16236,-34,-197,-11,268438473
-128,824,16196,-24,-197,12,268438473
-88,772,16024,-22,-200,22,268438473
-16,832,16260,-41,-189,28,268438473
-84,784,16356,-3,-182,14,268438473
-68,772,16184,-29,-177,-2,268438473
-108,796,16356,-33,-181,9,268438473
-60,860,16252,-30,-184,5,268438473
4,820,16068,-44,-185,-3,268438473
-56,840,16328,-35,-186,4,268438473
-64,744,16176,-29,-175,-2,268438473
-72,676,16024,-39,-173,1,268438473
-28,816,16208,-22,-185,14,268438473
-108,888,16188,-34,-226,-9,268438473
-20,728,15672,9,-267,27,268438473
108,816,16532,-103,-106,-14,268438473
-132,668,16304,-17,-168,2,268438473
-48,816,15892,40,-330,12,268438473
-168,756,16304,-25,-171,7,268438473
-36,780,16104,-61,-97,2,268438473
-8,844,16184,-23,-176,-14,268438473
-160,816,16032,-13,-231,-10,268438473
32,868,16240,-37,-175,10,268438473
-184,844,16344,-31,-132,-3,268438473
-60,828,16172,-24,-167,10,268438473
52,828,16144,29,-272,7,268438473
-184,728,16108,-23,-108,3,268438473
-128,852,16200,-45,-109,4,268438473
-32,804,16180,-34,-204,3,268438473
32,760,15976,-15,-253,-25,268438473
-60,776,16200,-60,-139,32,268438473
-184,856,16380,-84,-128,4,268438473
-24,760,16252,-13,-243,-6,268438473
-104,860,16152,-21,-204,4,268438473
-80,792,16328,-54,-174,31,268438473
-4,852,16216,-27,-144,-1,268438473
-72,688,16128,-45,-169,21,268438473
-132,836,16140,-15,-226,19,268438473
-60,808,16160,-32,-134,12,268438473
-96,784,16288,-23,-182,1,268438473
-8,772,16224,-42,-194,7,268438473
820,1004,16476,195,-285,-6663,268438473
-332,808,15980,37,100,-4485,268438473
-8,824,16236,217,-564,-4624,268438473
-228,812,16228,112,-262,-4059,268438473
280,916,16120,183,-446,-4522,268438473
540,764,16184,237,-591,-5009,268438473
280,712,16276,234,-489,-5042,268438473
304,1064,16224,220,-436,-4937,268438473
520,908,15964,230,-465,-4696,268438473
176,876,16412,219,-490,-4548,268438473
444,1076,16520,125,-271,-4816,268438473
104,716,16092,342,-782,-5301,268438473
-56,748,16204,252,-479,-5679,268438473
260,664,16452,171,-422,-6268,268438473
-80,448,16236,107,-57,-5762,268438473
84,444,16196,258,-620,-5436,268438473
408,660,15988,379,-812,-5108,268438473
-296,736,16164,109,-285,-4631,268438473
-192,724,16016,209,-553,-4411,268438473
-296,632,15904,212,-431,-4570,268438473
-280,612,16168,147,-383,-4815,268438473
-108,604,16312,193,-546,-4726,268438473
124,464,15988,137,-387,-4404,268438473
16,456,16136,270,-636,-4011,268438473
-636,580,16184,183,-365,-3566,268438473
-336,420,16168,161,-419,-3529,268438473
-424,956,16200,108,-259,-3662,268438473
200,1024,16072,225,-410,-4832,268438473
392,892,15836,244,-591,-5073,268438473
-68,752,16336,178,-487,-4329,268438473
-236,788,16240,150,-455,-3909,268438473
376,952,16376,165,-504,-3902,268438473
460,996,16224,199,-465,-4050,268438473
24,912,16340,223,-651,-4180,268438473
-604,744,16072,284,-910,-3964,268438473
-508,660,16560,105,-265,-4451,268438473
-116,708,16640,157,-316,-5020,268438473
40,688,16196,293,-556,-5604,268438473
112,860,16080,294,-723,-5287,268438473
-624,768,16124,127,-388,-5260,268438473
-216,596,16312,122,-317,-5179,268438473
-364,440,16244,157,-150,-5429,268438473
-116,1000,16208,393,-758,-5440,268438473
-308,548,16304,50,2,-4934,268438473
84,832,16320,394,-1131,-4660,268438473
-264,792,16440,204,-620,-4034,268438473
92,876,16072,137,-382,-4438,268438473
-28,740,16280,261,-677,-4912,268438473
-712,436,16284,165,-251,-5274,268438473
-776,32,15900,-22,120,-5422,268438473
-332,800,16332,168,-544,-5513,268438473
-4,664,16096,231,-327,-6119,268438473
168,608,15944,202,-327,-5920,268438473
204,712,15752,322,-738,-5513,268438473
68,884,16060,253,-539,-5437,268438473
144,872,15944,120,-135,-5058,268438473
-124,848,16048,262,-514,-4964,268438473
196,744,16112,372,-871,-4934,268438473
52,812,16172,452,-1186,-4077,268438473
-196,740,16268,-18,86,-3480,268438473
-84,548,16204,207,-657,-2849,268438473
-772,656,16104,-121,305,-2803,268438473
-1236,268,16364,221,-811,-1409,268438473
-460,512,15948,-42,-8,-1775,268438473
288,804,16288,68,-291,-2657,268438473
-88,832,16000,114,-332,-3315,268438473
-300,752,16152,125,-332,-2962,268438473
52,808,16040,24,-216,-2488,268438473
-72,768,16320,115,-460,-1851,268438473
16,692,16292,89,-250,-2069,268438473
-16,936,16172,49,-206,-2000,268438473
-116,992,16264,87,-416,-2275,268438473
-140,860,16312,63,-344,-2170,268438473
120,840,16152,90,-419,-1838,268438473
-252,908,16156,-1,-122,-1655,268438473
-620,432,16088,34,-131,-1301,268438473
-480,528,16088,-53,-64,-1289,268438473
-628,504,16096,31,-318,-814,268438473
-360,604,16296,3,-169,-528,268438473
-152,868,16172,-1,-235,-279,268438473
-92,824,16176,-145,183,-236,268438473
-184,816,16256,-25,-116,-154,268438473
-140,852,16264,-16,-244,-55,268438473
-132,816,16200,8,-293,44,268438473
-72,848,16144,-32,-163,34,268438473
-124,820,16112,-71,-56,-12,268438473
-128,760,16124,-24,-108,-112,268438473
-156,844,16104,-78,-130,4,268438473
-120,972,16308,54,-461,198,268438473
-12,1180,16356,254,-1063,1532,268438473
-68,764,16204,-297,293,1751,268438473
-156,808,16184,78,-526,1031,268438473
-324,936,16056,-30,-190,1073,268438473
-92,888,16132,-106,-64,1626,268438473
-64,784,16136,-70,-102,1195,268438473
4,776,16232,-9,-218,568,268438473
-68,760,16240,-26,-161,321,268438473
248,824,15976,-474,1024,471,268438473
-192,888,16192,-98,-220,1092,268438473
-184,732,16304,-175,52,2019,268438473
-272,736,16292,-201,16,2764,268438473
-608,664,16272,-212,26,3150,268438473
-56,800,16052,-160,-135,2828,268438473
36,728,16112,-151,57,1222,268438473
-44,836,16220,-40,-199,436,268438473
256,804,16116,-6,-308,221,268438473
-192,740,16348,70,-476,312,268438473
-100,884,16140,-108,-245,762,268438473
-508,696,16348,-244,-333,1432,268438473
60,904,16280,-120,-382,1485,268438473
48,692,16136,-92,-485,1474,268438473
-1132,700,16212,-339,-936,2322,268438473
-884,480,16284,-427,-1173,3294,268438473
-128,708,15964,-351,-1257,2955,268438473
736,884,15792,-98,-101,2096,268438473
1220,820,16232,15,256,1773,268438473
396,520,16136,-18,217,1401,268438473
-892,804,16540,-156,-237,2022,268438473
-916,904,15688,-207,-453,2683,268438473
-92,448,16208,-7,616,2779,268438473
-512,640,16296,-155,-7,3309,268438473
-76,360,16148,-101,388,2910,268438473
432,572,16484,-67,337,2865,268438473
-248,596,16496,-230,-457,3497,268438473
-1120,876,15876,-189,1012,3782,268438473
512,856,16364,113,-677,3851,268438473
-40,712,15808,-46,32,4234,268438473
128,752,16660,-261,-300,4199,268438473
-204,28,16008,-299,57,4502,268438473
-96,248,16516,-135,49,4394,268438473
-776,1032,16252,-240,-409,5599,268438473
-24,884,15688,-452,485,6480,268438473
-296,428,16472,-268,363,6084,268438473
-1124,428,15900,-224,60,5338,268438473
184,652,15980,-465,1293,5047,268438473
1276,984,16676,-245,464,4538,268438473
2480,796,16712,207,-979,3431,268438473
-888,500,15812,-279,927,4014,268438473
-1084,448,16340,0,-1249,3642,268438473
-1124,756,15896,-46,49,4631,268438473
124,1060,16316,-162,-18,4858,268438473
-28,1024,15908,-291,551,4971,268438473
396,848,16388,-206,423,4725,268438473
-584,420,16408,-293,-270,5494,268438473
-556,676,16200,-291,-261,6095,268438473
284,980,16244,-225,-766,5693,268438473
-556,928,15740,-159,953,5959,268438473
-232,668,16448,-287,219,6690,268438473
564,304,16148,-277,-110,6127,268438473
408,404,16292,-267,263,5508,268438473
476,528,16444,-239,153,5259,268438473
132,780,16432,-234,-571,5387,268438473
-164,792,16556,-223,-666,5816,268438473
-496,820,15784,-173,622,6655,268438473
248,776,16652,-258,421,6008,268438473
632,752,16064,-311,-29,6078,268438473
688,636,16628,-212,350,6197,268438473
-668,576,15936,-309,-82,6767,268438473
40,840,16544,-268,251,6958,268438473
-156,596,16208,-296,363,7136,268438473
224,284,16632,-279,250,6668,268438473
16,724,16140,-197,24,6653,268438473
428,1000,16268,-390,-176,6837,268438473
-92,1068,15940,-407,488,7325,268438473
124,732,16124,-507,176,8084,268438473
1096,612,16220,-334,369,8946,268438473
568,136,16488,-250,814,9483,268438473
-96,588,16412,-464,-237,9488,268438473
-552,908,15860,-441,428,9675,268438473
-736,728,16216,-373,-44,8770,268438473
-124,376,16152,-214,727,7935,268438473
-508,536,16372,-299,243,6447,268438473
64,332,16412,-211,467,5190,268438473
276,116,16536,-254,196,4305,268438473
400,216,16144,-226,255,3796,268438473
228,224,15872,-207,410,3625,268438473
556,364,16136,-213,-43,4055,268438473
368,468,16144,-194,242,4333,268438473
268,848,16364,-188,92,4628,268438473
-436,872,15944,-252,324,5758,268438473
316,752,16104,-246,328,5338,268438473
-348,596,16400,-158,55,4987,268438473
-232,1116,16152,-338,620,5993,268438473
360,976,16272,-266,178,5168,268438473
120,604,16232,-119,1,3767,268438473
248,864,16056,-289,-88,3990,268438473
1616,-88,15756,-352,1231,3531,268438473
0,300,15676,-361,565,1035,268438473
-224,460,16100,-370,888,-59,268438473
1128,1284,16200,-258,483,-1313,268438473
2432,288,16276,87,-111,-1089,268438473
-292,712,16348,209,-813,101,268438473
-568,1080,16140,474,-1504,1534,268438473
696,824,16412,-72,-671,3325,268438473
-580,500,16336,-42,-487,1368,268438473
-340,460,15804,-44,236,-1105,268438473
-316,448,15904,42,-19,-2813,268438473
-168,680,16108,147,-455,-3789,268438473
304,1076,16396,132,-639,-2258,268438473
92,840,15960,-39,-255,315,268438473
616,1404,15560,-356,239,2897,268438473
-848,-152,16376,-260,-377,5661,268438473
-2268,148,15944,-255,184,2906,268438473
-784,1212,16148,-109,-4,2078,268438473
-608,488,16284,-175,-92,2596,268438473
-420,564,16212,-205,61,2440,268438473
-1272,492,16192,-152,140,2473,268438473
-460,680,16436,-221,126,2373,268438473
56,800,15792,-264,303,2010,268438473
-28,464,16028,-168,157,2650,268438473
92,484,16080,-204,15,2595,268438473
200,724,16288,-203,53,2838,268438473
-228,856,16080,-242,100,3796,268438473
44,904,16272,-222,137,3865,268438473
-472,704,16076,-223,86,3850,268438473
-500,536,16192,-259,82,4624,268438473
-204,608,16124,-435,481,5447,268438473
-380,776,16372,-318,251,5501,268438473
64,916,16484,-338,-48,5795,268438473
-396,632,16032,-345,296,5915,268438473
-552,704,16360,-321,-54,5625,268438473
-620,772,15996,-350,218,5654,268438473
-384,984,15836,-276,-47,4433,268438473
-124,724,16376,-161,-161,3215,268438473
-752,496,16116,-129,-204,2498,268438473
-140,444,16196,-119,-202,2656,268438473
160,400,16324,-99,-171,2885,268438473
-340,356,16140,-244,-28,3258,268438473
-192,500,16204,-189,43,3329,268438473
-644,464,16108,-132,-143,3034,268438473
-748,624,16340,-108,-201,2679,268438473
-660,540,15984,-118,-75,2409,268438473
-368,532,16184,-103,-79,2481,268438473
-16,656,16432,-144,-52,2579,268438473
256,808,16264,-186,-83,2897,268438473
260,724,16060,-265,127,2625,268438473
20,640,16096,-107,19,2143,268438473
-312,672,16152,-89,-138,2511,268438473
-500,740,15880,-208,-22,2904,268438473
-768,1320,16124,-431,339,4485,268438473
-232,1032,16256,-199,-103,5200,268438473
-140,556,16224,-379,205,4582,268438473
-360,420,16256,-170,63,3702,268438473
-480,472,16220,-259,-7,2571,268438473
-1308,528,16240,-228,154,2546,268438473
28,972,16116,-337,155,2910,268438473
480,596,16080,-212,53,1762,268438473
248,660,16176,-10,-124,632,268438473
332,968,16268,144,-220,-145,268438473
-456,576,16236,-53,-2,288,268438473
-136,816,16032,-121,-46,599,268438473
540,1276,16148,-22,-176,-967,268438473
124,924,16352,193,-386,-1736,268438473
-56,804,16148,106,-291,-1877,268438473
-268,928,16148,119,-310,-1420,268438473
-312,780,16256,-41,-182,-1254,268438473
-644,860,16236,89,-312,-2534,268438473
-584,692,16056,235,-537,-4165,268438473
-592,564,16104,431,-646,-4713,268438473
-64,572,16124,282,-943,-4023,268438473
-12,340,16160,310,-925,-4889,268438473
156,832,16292,294,-438,-4470,268438473
228,1072,16360,291,-507,-5078,268438473
-156,812,16288,282,-526,-4895,268438473
-316,996,16172,154,-415,-2636,268438473
-104,832,16232,82,-304,-1686,268438473
196,824,16136,87,-237,-2093,268438473
616,732,16212,159,-305,-3471,268438473
176,224,16184,265,-638,-5095,268438473
380,224,16020,333,-816,-5559,268438473
564,324,16284,566,-1204,-6770,268438473
-72,64,16228,815,-1158,-6739,268438473
-184,396,16764,1665,-1398,-6591,268438473
-292,700,16956,2671,-1489,-6743,268438473
1488,1452,14696,833,-1514,-5640,268438473
56,-520,15632,-150,-878,-5713,268438473
-404,592,16272,-73,-35,-5289,268438473
-432,152,16112,-715,-1306,-5970,268438473
572,164,15860,-1796,-98,-5460,268438473
148,72,16972,-2570,2053,-4302,268438473
-1296,-104,16248,132,-335,-3221,268438473
-1436,1472,16104,275,-594,-4550,268438473
-1020,680,16060,204,-557,-4585,268438473
-216,416,16440,208,-491,-5010,268438473
112,16,16380,161,-237,-5468,268438473
-268,116,16312,217,-594,-5004,268438473
-108,-220,16336,191,-323,-4496,268438473
-316,1244,16240,38,-415,-3426,268438473
272,180,16032,68,-278,-3437,268438473
-412,656,16140,49,-331,-2171,268438473
-760,1040,16292,-2,-192,-1991,268438473
-1320,1408,16200,-11,-377,-3008,268438473
-680,1372,16460,-201,-327,-3829,268438473
-88,1540,15996,69,-332,-3378,268438473
-320,1976,16372,114,-262,-3144,268438473
-120,696,16060,120,-225,-3056,268438473
-724,692,16128,-66,23,-1970,268438473
16,-520,16024,-39,-5,-1515,268438473
-376,944,15928,-104,73,-2174,268438473
-84,2228,16316,-272,273,-2083,268438473
-384,1264,16324,-150,-17,-1266,268438473
-28,1584,16224,-120,-82,-793,268438473
-672,1784,16036,-88,80,-680,268438473
-1120,1792,16168,-86,-198,-773,268438473
-808,1532,16100,68,-430,-159,268438473
-96,1896,16136,-19,-127,-157,268438473
1204,1692,16364,-32,-444,1185,268438473
-804,2416,16260,33,-493,1171,268438473
-636,2108,15924,196,-501,-234,268438473
156,1856,15864,178,-444,-578,268438473
284,988,16432,125,-270,-397,268438473
-124,1860,16288,198,-707,-657,268438473
-144,1356,16044,126,-578,-842,268438473
-276,1324,15880,131,-296,-533,268438473
-420,1020,16356,229,-612,-686,268438473
-128,644,16524,308,-734,-803,268438473
-204,716,16288,74,-324,-774,268438473
-8,640,16352,876,-786,892,268438473
-528,2556,16416,-218,295,1062,268438473
-1376,732,16380,-284,511,921,268438473
-472,1740,16452,-154,36,-216,268438473
-660,780,16256,114,-388,-590,268438473
-276,1508,16088,-28,-67,-1140,268438473
-140,1324,16160,246,-932,-2203,268438473
100,944,16300,92,-317,-2403,268438473
-128,980,16236,194,-627,-1816,268438473
84,-124,16112,155,-328,-1114,268438473
352,980,16004,205,-873,-398,268438473
-168,672,16120,225,-726,-654,268438473
-336,36,16040,235,-891,-938,268438473
-140,-76,16036,38,-334,-1334,268438473
284,-72,16596,33,-150,-833,268438473
-132,324,16032,27,-281,-605,268438473
-528,-304,16320,199,-599,-489,268438473
-28,240,16116,134,-519,-176,268438473
-140,-876,16288,91,-499,-777,268438473
-68,-712,16056,-145,159,-831,268438473
-92,-912,16268,-290,395,-1259,268438473
324,688,15972,-588,1390,-1384,268438473
-932,-1008,16528,-41,141,-2505,268438473
-660,-472,16312,272,-792,-2851,268438473
-224,-40,16044,193,-640,-3439,268438473
-160,0,16140,-110,258,-3602,268438473
400,736,16088,93,-550,-3514,268438473
264,-116,16432,73,-438,-3200,268438473
188,-628,15900,114,-140,-2054,268438473
-152,132,16104,-65,-9,-962,268438473
-2708,328,16068,160,-436,-5271,268438473
-388,316,16188,235,-328,-6618,268438473
332,648,16320,243,-499,-5876,268438473
132,1024,16224,231,-457,-5181,268438473
-412,632,16180,220,-291,-4537,268438473
-100,1044,16260,206,-315,-4091,268438473
-124,916,16208,210,-262,-3840,268438473
-20,1076,16460,132,-365,-3678,268438473
-108,1472,16024,125,-273,-3112,268438473
-36,888,16124,109,-219,-2619,268438473
-144,824,15972,59,-279,-2222,268438473
-180,656,16124,28,-196,-1914,268438473
-272,952,16176,1,-286,-1917,268438473
-184,912,16280,71,-183,-1653,268438473
-104,908,16056,20,-198,-1418,268438473
-136,840,16524,67,-417,-1219,268438473
-408,8,16152,49,-366,-999,268438473
-944,-232,16416,-27,-123,-862,268438473
-108,392,16196,71,-295,-557,268438473
-380,400,16172,-12,-47,-44,268438473
784,1772,16176,-187,7,1062,268438473
696,1764,16260,-117,120,1710,268438473
232,2196,16304,-98,-52,1799,268438473
-380,3852,16156,-114,45,1414,268438473
464,3492,16284,-35,-165,24,268438473
-140,1312,16240,-58,-501,198,268438473
84,3268,16108,-46,-343,793,268438473
-324,1420,16204,-150,-127,1770,268438473
-272,2176,15988,-140,-94,1527,268438473
124,1844,16412,-113,-197,1244,268438473
84,1852,16132,-149,-97,1448,268438473
360,1312,16084,-133,55,1257,268438473
116,1692,16140,-129,-102,1553,268438473
-236,484,16404,-68,-107,2101,268438473
16,1044,16136,-183,24,2381,268438473
72,760,16192,-166,-120,2539,268438473
92,1040,16200,-162,-85,2929,268438473
-808,636,16316,-105,-88,2318,268438473
-368,124,16228,-51,-473,1513,268438473
-260,836,16708,-38,73,835,268438473
-560,704,16368,-88,78,511,268438473
-484,1264,16028,-28,-275,324,268438473
-204,1216,15700,-28,-163,141,268438473
-88,664,16168,34,-379,482,268438473
-96,868,16560,52,-349,836,268438473
276,716,16340,285,-488,347,268438473
464,964,16224,310,-542,346,268438473
-40,-52,16512,547,-333,923,268438473
-368,-384,16848,1299,-612,1261,268438473
-956,-840,15980,1132,-192,1540,268438473
-524,-796,15740,318,66,1385,268438473
-364,-1004,16348,-103,-151,860,268438473
-500,-1212,16288,-117,-226,402,268438473
152,732,15896,-739,-5,-133,268438473
-464,-1184,16352,-804,-13,-165,268438473
84,-372,16036,-1154,448,-65,268438473
-296,-380,16448,-1256,659,221,268438473
-288,304,16464,-484,137,289,268438473
-124,-224,16096,-58,-137,104,268438473
0,244,16136,-64,-271,-231,268438473
-28,-112,15896,-49,-176,-452,268438473
-272,1176,16680,-60,-280,-211,268438473
60,604,16340,-36,-137,-196,268438473
-232,652,16136,-45,-299,-97,268438473
-368,452,16164,-67,-134,-151,268438473
-316,1116,16300,-36,-116,-495,268438473
-496,1344,16412,11,-324,-899,268438473
-268,1740,16164,-56,-156,-1196,268438473
-1280,532,15872,167,-329,-4206,268438473
108,820,16204,152,-411,-3650,268438473
228,584,16116,106,-237,-3393,268438473
-268,1076,16492,129,-288,-3120,268438473
4,1176,15888,90,-284,-2545,268438473
-12,704,16560,89,-386,-2028,268438473
-584,976,16568,23,-404,-2009,268438473
-548,1088,16136,42,-344,-2114,268438473
60,1184,16600,22,-210,-1729,268438473
292,1252,15920,30,-235,-1257,268438473
-332,616,16060,55,-97,-1134,268438473
-444,188,16080,1,-282,-967,268438473
-308,220,16124,9,-217,-582,268438473
-192,496,15916,-35,-297,-790,268438473
188,1488,16068,3,-62,-462,268438473
52,1856,16256,-46,-98,-376,268438473
-288,1344,16168,71,-236,-240,268438473
192,1996,16056,6,-81,-349,268438473
76,2628,16300,-20,-153,-197,268438473
-272,2908,15996,2,-178,-189,268438473
-232,764,16232,14,-352,87,268438473
-268,2984,15928,-163,-291,1342,268438473
128,2452,16072,42,6,1148,268438473
140,2296,15828,-102,-29,1355,268438473
-80,3104,15856,-101,-21,1177,268438473
464,2196,16076,-15,-114,424,268438473
424,1544,16544,-59,-263,429,268438473
472,1548,16196,-36,-245,340,268438473
-136,888,16520,-43,-246,582,268438473
-200,440,16112,-70,-129,901,268438473
-364,324,15860,-65,-100,1253,268438473
-344,876,16304,-23,-186,1411,268438473
-512,116,16164,-74,-138,1405,268438473
-584,444,16432,-103,-80,1215,268438473
-468,156,16556,-110,-173,903,268438473
-256,1124,16204,-54,-265,412,268438473
-412,280,16288,-45,-150,-33,268438473
-224,380,16148,-3,-304,-537,268438473
-428,-468,16532,12,-308,-1016,268438473
172,-576,15968,2,-289,-1176,268438473
-60,-1376,16388,17,-259,-1005,268438473
-420,-1036,16348,87,-400,-1340,268438473
-1548,-932,16128,46,-338,-892,268438473
-528,708,16184,-8,-249,-188,268438473
-220,732,16168,-44,-319,98,268438473
-376,764,16140,-32,-253,506,268438473
-848,536,16144,-81,-253,1638,268438473
-548,1016,16108,-192,-18,2471,268438473
-880,648,16172,-211,29,3341,268438473
-1300,1076,16224,-228,54,3805,268438473
-1568,1340,15984,-258,190,3627,268438473
-1044,860,16060,-139,-55,3208,268438473
-1876,1260,15876,-135,18,2105,268438473
-588,384,16444,-44,-236,1325,268438473
-184,748,16248,-100,-70,1394,268438473
-28,868,16032,-117,-124,737,268438473
-12,1040,16024,-78,-139,453,268438473
816,416,16440,-137,30,976,268438473
-444,440,16392,-106,-210,1743,268438473
-320,676,16384,-118,-112,1512,268438473
-20,800,16044,-150,-102,1650,268438473
128,1260,15924,-113,24,564,268438473
-84,732,16184,-41,11,17,268438473
-92,856,16264,21,-157,-650,268438473
412,608,16240,62,-182,-1130,268438473
1680,648,16100,-72,-58,-66,268438473
2356,936,16560,-27,-234,451,268438473
476,900,16372,-62,-131,324,268438473
304,916,16256,35,-292,-541,268438473
2240,1572,16200,27,-341,-1143,268438473
1844,804,16328,26,-295,-821,268438473
1464,820,16064,48,-247,-1144,268438473
1228,660,16356,108,-482,-1881,268438473
908,164,16136,84,-367,-1910,268438473
512,344,16212,64,-388,-1884,268438473
532,356,15832,12,-421,-993,268438473
-88,624,16216,53,-430,-650,268438473
-784,368,15920,139,-645,-485,268438473
-680,1244,15816,233,-393,-1480,268438473
-672,1272,15868,308,-828,-3637,268438473
-620,788,16020,241,-665,-4274,268438473
48,680,16232,136,-403,-4186,268438473
-340,808,16076,-99,164,-3611,268438473
-1716,392,16372,2,-321,-2962,268438473
-1852,340,16024,9,-317,-2778,268438473
-3432,204,16424,464,-2235,-1550,268438473
-1300,-556,17596,776,-6199,355,268438473
-1636,276,16136,495,-5443,539,268438473
-192,188,13328,-294,57,546,268438473
204,2248,14248,-422,11779,347,268438473
172,1052,17376,-90,3745,641,268438473
2828,924,17012,322,-1268,675,268438473
180,716,16020,-104,200,-352,268438473
-492,704,16524,-323,827,-1493,268438473
352,988,15984,-74,-47,3,268438473
-324,824,16392,347,-1269,54,268438473
-124,816,16176,-183,239,-16,268438473
-124,836,16256,47,-402,10,268438473
-20,752,16228,-80,-73,-5,268438473
-56,824,16220,-13,-212,16,268438473
1372,1052,16256,-82,66,-1857,268438473
2512,1104,16244,433,-783,-8182,268438473
560,956,15388,11,-565,-148,268438473
-364,824,15984,147,-563,-413,268438473
-1160,1048,16664,344,-1597,1276,268438473
92,1776,15728,612,-2435,1550,268438473
652,400,16072,566,-60,1618,268438473
496,400,15952,-151,-1353,1181,268438473
916,864,16264,-253,-1077,881,268438473
896,-1664,18300,1021,195,4529,268438473
-4684,-652,18944,1119,-14611,5322,268438473
2180,3632,14948,4308,-7401,996,268438473
2240,2128,17196,3905,-7926,2346,268438473
2424,1660,17288,4638,-10560,2668,268438473
3108,1768,14660,5298,-9344,4277,268438473
3092,764,14392,4471,-6767,5350,268438473
3328,-176,13648,3997,57,6097,268438473
2920,2768,14856,3118,4678,6878,268438473
3012,5052,15416,2708,3447,2854,268438473
1948,1176,16536,1918,3099,328,268438473
1836,1208,15472,2622,6458,-162,268438473
2880,2968,15240,2978,10163,-221,268438473
2732,3572,14632,3891,15609,-2106,268438473
1548,3428,16060,4004,20386,-2798,268438473
2236,2392,19476,-1966,22121,-2011,268438473
-1464,3588,16340,-3124,28586,-3676,268438473
-3656,1672,9608,-6808,30020,-4834,268438473
-3604,3668,15908,-2404,4988,-802,268438473
-4184,2636,15248,-1359,2198,-955,268438473
-6888,1848,15736,-927,3574,164,268438473
-4932,2576,15028,433,-922,331,268438473
-5416,2924,14928,468,-3145,463,268438473
-5168,2412,13980,-96,-4842,53,268438473
-3588,2388,15852,286,-6556,0,268438473
-4228,2676,16204,1366,-3885,593,268438473
-5132,1936,15640,1875,-2607,1653,268438473
-3916,2752,14832,1062,-322,1865,268438473
-3412,3572,16300,1179,217,1562,268438473
-3976,3824,14972,1255,1656,1633,268438473
-4452,3092,15560,700,1944,1300,268438473
-4052,3516,16148,-947,1038,569,268438473
-4724,3392,16648,-3716,2130,-491,268438473
-4928,2436,17360,-4744,442,-722,268438473
-5140,3080,16800,-4677,-454,-1650,268438473
-2572,2908,16532,-5115,-2523,-395,268438473
-3596,2680,16084,-5481,-3158,-819,268438473
-3372,1972,16428,-5991,-2063,-283,268438473
-3420,1284,15544,-5887,-2197,30,268438473
-3184,696,14092,-4357,-1739,-230,268438473
-3408,624,14204,-2115,-2079,14,268438473
-3412,556,14464,-832,-1339,-153,268438473
-3448,636,14428,121,-862,-527,268438473
-2292,1020,15268,429,-1871,-219,268438473
-2328,692,15148,-315,-3127,734,268438473
-2912,-36,14672,-627,-4343,883,268438473
-2416,-108,14900,-467,-5601,602,268438473
-2240,-396,15524,-995,-6404,951,268438473
-2044,-4,14996,-1051,-7751,726,268438473
-1492,468,15280,-348,-4835,106,268438473
-1556,812,17012,-372,-4072,-21,268438473
-1300,1296,17416,-1008,-4611,92,268438473
-1304,956,17608,-1621,-5158,732,268438473
-1792,624,16696,-2214,-5141,531,268438473
-1340,212,16076,-1379,-2792,-652,268438473
116,156,16184,-553,-2638,-819,268438473
940,292,16144,247,-3851,317,268438473
780,52,15988,629,-4765,1333,268438473
532,460,15656,875,-4822,1199,268438473
1104,812,15348,245,-3143,1106,268438473
292,216,15216,-236,-1404,1116,268438473
444,132,15164,-10,-1117,723,268438473
1024,556,15496,-386,-1402,1042,268438473
1072,204,15388,-462,-185,1158,268438473
6236,1636,17900,585,430,-1702,268438473
1616,408,15488,-1458,-3625,3411,268438473
180,208,14540,557,-2184,2251,268438473
800,-16,16052,388,3562,984,268438473
-1604,-1308,15984,-553,4328,-9,268438473
-512,316,17792,-2663,-549,-1360,268438473
344,-28,16364,-3440,-1785,-373,268438473
600,652,16104,-2115,-3235,40,268438473
2620,-164,15720,-1657,2188,826,268438473
1276,-340,16500,-1115,3521,1282,268438473
184,-364,15836,-1085,4623,972,268438473
-584,-280,15712,-547,4925,656,268438473
-1280,-392,16408,-310,1595,985,268438473
-1724,-132,16864,-1653,-947,1247,268438473
-1256,-588,16568,-1932,-3698,1321,268438473
-1120,-728,16232,-1778,-4517,756,268438473
-1108,-952,15920,-1711,-3865,248,268438473
-1040,-792,16164,-1263,-3235,-349,268438473
-976,-928,16600,-884,-1233,-1025,268438473
-984,-560,16124,7,440,-1812,268438473
-956,-756,15496,931,1285,-1736,268438473
-1160,-892,16480,854,2693,-588,268438473
-1368,-452,17404,-1097,3922,-234,268438473
-1896,-516,16832,-1453,1865,-353,268438473
-2048,-620,16300,-853,68,-112,268438473
-1612,-296,16452,-735,830,361,268438473
-1664,-632,17064,-815,3714,464,268438473
-1596,-708,16408,-686,3743,85,268438473
-1356,-820,16480,-901,5134,82,268438473
-1436,-992,16128,-689,4503,86,268438473
-1872,-1096,16408,-668,2929,109,268438473
-1892,-1144,16176,-1065,938,-148,268438473
-1844,-1460,15456,-1172,-1258,82,268438473
-1616,-1468,15420,-1462,-4143,-105,268438473
-1096,-1664,15456,-1113,-4861,-24,268438473
-972,-1804,15780,-882,-3710,-122,268438473
-820,-1632,16768,-1369,-2277,-271,268438473
-484,-1724,16964,-933,-1669,-572,268438473
-400,-1680,17884,-1565,-476,-375,268438473
-452,-1904,17820,-2273,418,-220,268438473
-604,-2116,17156,-1853,460,143,268438473
-860,-2212,17128,-1787,4,348,268438473
-1224,-1868,16892,-1615,102,427,268438473
-1132,-2016,16544,-2064,324,337,268438473
-1480,-2016,15840,-2527,-1182,496,268438473
-1152,-2004,15832,-2481,-2254,147,268438473
-1476,-1764,15840,-2873,-2420,-216,268438473
-1460,-1860,15728,-2954,-2192,-862,268438473
-1304,-2064,15124,-2581,-1833,-1453,268438473
-1052,-2148,13780,-2021,-887,-2050,268438473
-1012,-2272,13740,-886,-1263,-2332,268438473
-836,-2468,13620,31,-1054,-2376,268438473
-508,-2416,13684,831,1282,-2699,268438473
-616,-2644,13848,1521,2793,-2789,268438473
-560,-2164,14048,1857,2614,-2950,268438473
-648,-2032,14464,1731,1514,-3101,268438473
-508,-2124,14448,1298,-249,-2766,268438473
400,-2068,14416,1554,-109,-2624,268438473
800,-2080,14168,2172,285,-2379,268438473
832,-2104,14180,3124,-20,-1778,268438473
1204,-1932,14212,3903,281,-1033,268438473
1164,-1660,14664,4464,374,-684,268438473
1108,-1156,15028,4702,528,-286,268438473
1304,-908,15428,4855,227,62,268438473
1632,-732,15672,4378,-1017,190,268438473
1624,-344,16084,2958,-2231,234,268438473
1768,-460,16220,1280,-1703,522,268438473
1224,-676,15284,1800,-457,412,268438473
1112,-340,16364,3011,-357,47,268438473
1240,-8,17304,3236,1124,620,268438473
700,36,18120,3498,-217,1512,268438473
400,1168,19220,2284,-2140,2098,268438473
4,576,18504,2440,-4415,2985,268438473
16,124,18744,2537,-3918,3036,268438473
1060,-384,16256,1391,443,1568,268438473
1868,-984,15988,1321,1981,323,268438473
2152,-208,17844,828,574,1563,268438473
1896,460,18388,-650,-2120,2382,268438473
1532,676,17576,-1124,-1998,2425,268438473
1312,232,16924,-684,62,2171,268438473
1216,-352,16588,-112,954,1919,268438473
1492,-800,16576,-113,-694,1921,268438473
1744,-532,17200,-1383,-2002,2263,268438473
1560,-584,16852,-3036,-3981,2828,268438473
1296,-1308,15760,-2594,-3390,3432,268438473
608,-1408,16968,-1377,-2750,3017,268438473
648,-1288,17260,-1474,-2300,2211,268438473
416,-1384,17028,-1947,-2629,1323,268438473
268,-1232,16992,-2513,-4235,1156,268438473
-452,-1100,17876,-3378,-5954,1427,268438473
-404,-840,18552,-3857,-6527,1227,268438473
-52,-652,18448,-3351,-6145,1021,268438473
744,-996,18344,-3134,-5265,616,268438473
772,-1104,17652,-3880,-3974,773,268438473
992,-1796,16940,-3555,-3270,714,268438473
1240,-1644,16644,-3686,-1462,613,268438473
1356,-1996,17244,-4254,907,526,268438473
1108,-1920,16752,-3202,1676,311,268438473
1176,-2104,15892,-2262,1742,325,268438473
956,-2160,16200,-1610,3538,308,268438473
504,-2204,16944,-2172,4711,209,268438473
380,-2204,16868,-2977,3261,-31,268438473
112,-2512,14740,-3276,4899,-314,268438473
-364,-2676,14076,-1906,7859,-1042,268438473
-604,-2952,14712,-785,5587,-1478,268438473
-728,-2928,15236,-1914,5127,-1299,268438473
-564,-2508,14320,-1576,6871,-1759,268438473
-844,-2528,13924,267,7551,-2202,268438473
-924,-2776,14340,1271,6765,-2340,268438473
-1360,-2492,14828,1187,6200,-2210,268438473
-1308,-2372,14692,1368,5924,-2529,268438473
-1500,-2224,14396,2048,5224,-2935,268438473
-1528,-1992,14448,1961,4084,-2923,268438473
-1148,-2208,14552,2021,3048,-2532,268438473
-1300,-1932,14012,2288,3259,-2361,268438473
-1260,-1932,13908,2491,3803,-2450,268438473
-1324,-1804,14420,2934,3744,-1997,268438473
-1068,-1620,14252,2834,3482,-1659,268438473
-1224,-1592,14448,2869,2688,-1849,268438473
-1020,-1748,14428,3463,1366,-1440,268438473
-752,-1556,14476,4025,-147,-1086,268438473
-112,-1240,14020,4465,-128,-481,268438473
552,-1124,13668,5819,-433,287,268438473
192,-140,14052,7022,-1155,656,268438473
-140,292,15508,6380,-399,517,268438473
-756,584,16900,5894,-1870,709,268438473
-1100,1404,17904,4075,-4008,1259,268438473
-480,924,17828,2318,-5036,1782,268438473
400,840,16976,1445,-3549,2539,268438473
464,556,16608,2298,-296,2688,268438473
-800,676,18452,3277,-1203,2332,268438473
-880,1172,18924,1788,-2142,2553,268438473
-884,1156,17956,1083,-1007,2949,268438473
-2144,2168,23808,-412,-11649,3325,268438473
876,1140,17376,-5499,-9076,2137,268438473
1140,44,15240,-2206,-4164,2019,268438473
1520,-704,15772,930,-1015,1961,268438473
1192,-436,17016,1145,-192,2334,268438473
956,44,17276,55,-366,2546,268438473
488,100,16876,-528,-263,3006,268438473
500,-256,17140,-178,-1274,2830,268438473
504,104,17528,-1071,-1056,2648,268438473
240,-80,17004,-1612,-463,2562,268438473
-60,-268,17280,-1716,84,2486,268438473
-284,-212,17480,-1903,135,2362,268438473
-880,-304,17288,-1811,395,2098,268438473
-1312,-336,17960,-2021,-1,1470,268438473
-1352,-212,18172,-2970,-1204,1510,268438473
-1028,-336,18032,-3270,-1930,1675,268438473
-676,-404,17636,-3124,-1084,1273,268438473
-920,-236,17572,-2765,327,1074,268438473
-1560,-656,17716,-2929,1210,799,268438473
-1828,-1000,17080,-3495,2227,410,268438473
-2284,-1020,16416,-3741,1906,216,268438473
-2460,-1332,16340,-3825,1916,64,268438473
-2372,-1520,16064,-3734,1571,-372,268438473
-2972,-1192,15552,-3753,3271,-731,268438473
-3052,-1312,15564,-2790,3720,-1307,268438473
-3276,-1388,15172,-2077,4114,-1761,268438473
-3188,-1448,14924,-1673,4348,-2268,268438473
-3116,-1776,14992,-1497,3604,-2664,268438473
-2948,-2008,14816,-1363,3837,-3072,268438473
-3116,-1936,14128,-1410,4349,-3345,268438473
-3208,-2336,13716,-899,3481,-3641,268438473
-2532,-2316,13404,47,2026,-3539,268438473
-2600,-1876,13708,396,1737,-3130,268438473
-2708,-1700,14020,592,1968,-2992,268438473
-2364,-1480,13720,1242,1367,-3272,268438473
-2132,-1324,13036,1467,1675,-3228,268438473
-1736,-1564,12840,2187,896,-2965,268438473
-1096,-1332,12820,3228,332,-2869,268438473
-1000,-964,13304,3649,1457,-2463,268438473
-940,-652,13268,4235,1960,-1864,268438473
-544,-492,13516,4967,1703,-1413,268438473
-308,-232,14300,5218,1946,-766,268438473
-164,-360,15004,5263,1462,-225,268438473
-824,-304,15616,5087,771,115,268438473
-580,164,16124,3892,349,51,268438473
-768,152,16684,3443,-382,-140,268438473
-1064,-12,16848,2784,-1999,460,268438473
-1052,84,17216,2612,-2968,1294,268438473
-444,204,17640,2741,-2523,1390,268438473
-308,356,18052,2657,-1160,1784,268438473
-176,708,18112,2436,-654,2018,268438473
-560,1004,18752,1248,-1633,2257,268438473
-280,1028,17628,-224,-949,3134,268438473
-948,752,18032,661,-812,3743,268438473
-1384,888,18728,1123,-730,3204,268438473
-1352,536,18348,-165,1280,2738,268438473
-2220,880,20036,-446,-2798,2779,268438473
-932,612,17284,-4088,1372,2328,268438473
-880,-596,15436,-1553,3822,2429,268438473
-1384,-388,16068,-166,5092,2301,268438473
-3132,-528,16568,-432,4211,3055,268438473
-3436,-260,16652,-983,2826,3530,268438473
-3988,-176,16924,-1120,1945,3522,268438473
-3988,-112,16696,-1652,1226,3399,268438473
-3900,-204,16172,-1964,744,3045,268438473
-4336,-276,16212,-1913,842,2578,268438473
-4616,-260,16080,-1883,666,2163,268438473
-4952,-548,15840,-1888,1167,1876,268438473
-5320,-140,16316,-1810,1293,1430,268438473
-5636,-336,16536,-2702,2733,1291,268438473
-6044,-740,16168,-2904,2422,659,268438473
-6236,-492,16120,-2253,1741,-145,268438473
-6412,-496,15592,-2473,1277,-379,268438473
-6440,-696,15512,-2245,913,-584,268438473
-6424,-576,15728,-2300,1377,-1127,268438473
-6384,-668,15396,-2355,1415,-1459,268438473
-6572,-744,15432,-1667,-741,-1652,268438473
-6612,-836,15380,-2262,-1303,-1784,268438473
-6248,-932,14924,-2835,-1094,-2377,268438473
-5860,-1372,14640,-2586,-564,-2873,268438473
-5456,-1352,14596,-1983,-1303,-3325,268438473
-5316,-1292,14532,-1989,-2057,-3109,268438473
-4868,-1100,14700,-2084,-2613,-2987,268438473
-4328,-856,14656,-2034,-1951,-3198,268438473
-4008,-1308,14236,-2013,-2190,-3448,268438473
-4012,-1728,13620,-2435,-2045,-3535,268438473
-3808,-1812,13096,-1468,-1512,-3578,268438473
-3188,-1620,13096,432,-844,-3652,268438473
-2992,-1420,13672,1775,-872,-3675,268438473
-2784,-1224,13404,1481,-11,-3673,268438473
-2652,-1408,12848,1787,-125,-3692,268438473
-2436,-1376,12680,2798,-1238,-3627,268438473
-2112,-1120,13564,3339,-2280,-3291,268438473
-1484,-1028,13908,3738,-3141,-2722,268438473
-1156,-844,13940,3964,-3304,-2324,268438473
-508,-572,14416,4298,-2084,-2107,268438473
-4,-680,14552,4298,-1285,-1780,268438473
176,-732,14704,4837,-1525,-1606,268438473
660,-536,15588,4433,-1443,-1119,268438473
380,-180,15824,3966,-567,-1091,268438473
300,-112,16600,3575,-179,-668,268438473
456,-236,16920,3503,-1369,325,268438473
296,28,17064,3066,-2526,1117,268438473
104,-100,17392,2869,-2991,1779,268438473
-264,308,18100,2361,-2529,2632,268438473
300,600,18340,2078,-2699,2854,268438473
1440,1448,19420,1661,-3092,2955,268438473
652,1772,19380,-32,-2412,2635,268438473
452,920,18488,-1002,-1796,2512,268438473
-276,164,17140,-661,454,2044,268438473
-308,-184,16632,229,2952,1257,268438473
-624,-956,16560,491,3568,1970,268438473
-916,-960,17052,239,3165,2794,268438473
-1196,-676,17324,-673,2227,3730,268438473
-928,-552,17100,-1227,1699,4840,268438473
-1628,-244,16520,-1248,1872,5256,268438473
-1928,-296,16308,-605,3075,5197,268438473
-2464,-76,16780,-17,3046,4759,268438473
-3312,160,17728,-596,3161,3958,268438473
-4192,216,17644,-1276,3367,3431,268438473
-4584,84,16864,-1717,2976,2937,268438473
-5224,-296,16460,-1943,2114,2280,268438473
-5296,-28,16824,-2051,1176,1600,268438473
-5072,-344,16224,-2536,1228,1037,268438473
-5112,-504,16004,-2830,553,492,268438473
-5332,-300,15628,-2944,506,194,268438473
-5728,-424,15652,-2850,750,34,268438473
-5604,-724,15432,-2532,414,-232,268438473
-5436,-872,15616,-2477,860,-779,268438473
-5412,-704,15160,-2810,285,-1245,268438473
-5416,-932,15116,-2727,-608,-1429,268438473
-5232,-940,15104,-2427,-1516,-1455,268438473
-5560,-724,15420,-2808,-2107,-1666,268438473
-5036,-656,14776,-2723,-1471,-1990,268438473
-4468,-1100,14480,-2054,-704,-2611,268438473
-4528,-944,14360,-1440,-173,-2972,268438473
-4652,-1356,13912,-1113,577,-3745,268438473
-4492,-1284,13492,-33,1414,-4276,268438473
-4416,-1232,14996,138,1010,-4390,268438473
-3788,-1588,15488,-396,-1719,-4492,268438473
-3416,-1764,14152,-772,-2758,-4589,268438473
-3056,-1340,14496,-325,-3217,-4304,268438473
-2580,-948,14776,-808,-3679,-4487,268438473
-2072,-864,14020,-473,-3052,-4836,268438473
-2012,-1320,13824,989,-2164,-4482,268438473
-1168,-1516,13292,1671,-1458,-4278,268438473
-560,-1284,13456,2526,-2022,-3432,268438473
-632,-612,14172,3440,-1886,-2247,268438473
132,-532,14944,4329,-404,-2087,268438473
452,-144,14832,4740,1158,-2300,268438473
84,-456,14532,4836,1403,-1989,268438473
-344,-500,14516,5237,111,-667,268438473
-128,-572,15300,4599,-1223,507,268438473
-132,-20,15664,3905,-711,1279,268438473
160,164,16540,4535,453,1351,268438473
312,456,16936,4325,1135,1148,268438473
-96,836,16824,3510,-82,774,268438473
-520,832,16916,2278,-940,908,268438473
-332,784,17236,1958,-1101,1225,268438473
-368,1284,17484,1908,-458,1213,268438473
-576,1544,16860,2185,1274,1418,268438473
-468,992,16572,2867,1512,2362,268438473
-740,1140,17852,2506,9,2994,268438473
-2604,2248,25220,-2675,-12745,3336,268438473
-856,1316,18168,-8303,-8895,2294,268438473
1768,-460,12216,-2860,1597,1698,268438473
1260,-1268,14684,3400,5118,2823,268438473
108,-1152,17208,2754,4515,4058,268438473
-496,-540,17108,894,3570,4744,268438473
-1072,-212,17496,777,3737,4580,268438473
-1080,268,18132,998,3978,4393,268438473
-1424,484,18160,-148,3875,4014,268438473
-1956,536,17532,-1281,4276,3157,268438473
-2256,400,17288,-1692,4107,2654,268438473
-2704,124,16848,-2631,2454,2922,268438473
-3780,192,15728,-3065,468,3244,268438473
-4728,376,15188,-3024,-199,3098,268438473
-5244,588,14752,-2520,-12,2537,268438473
-5756,504,14260,-2117,329,2067,268438473
-6864,1080,14312,-1768,-422,1609,268438473
-7368,1288,14908,-1964,-679,738,268438473
-7848,1328,14128,-1796,-1206,-296,268438473
-7744,816,14060,-1011,-1096,-1299,268438473
-7164,672,14184,-308,-375,-2519,268438473
-6940,720,14388,292,584,-3641,268438473
-6788,636,14620,1023,258,-3971,268438473
-6040,452,14940,1076,-429,-4043,268438473
-5296,692,15104,1096,-870,-4265,268438473
-4704,656,15436,1437,-738,-4565,268438473
-3904,544,15716,1900,-199,-4871,268438473
-2988,648,15840,2866,836,-5482,268438473
-2416,512,15940,3839,1794,-5869,268438473
-1608,560,16332,3612,2641,-5505,268438473
-1412,500,15724,3919,3420,-5093,268438473
-472,628,16120,3872,3767,-4111,268438473
244,756,16844,3077,1663,-3434,268438473
1896,764,17608,2005,1111,-2956,268438473
2268,844,16988,893,625,-2081,268438473
2460,960,16580,197,335,-1017,268438473
2292,748,16368,-362,-123,-154,268438473
1792,544,16116,-445,-267,483,268438473
1148,276,15812,-555,-1262,1064,268438473
796,272,16096,-563,-1199,1551,268438473
708,504,16852,-969,-1276,1956,268438473
-768,980,16832,-1416,-1929,2906,268438473
-1264,1284,17248,-1982,-2727,4159,268438473
-1560,1352,17296,-2255,-2897,4487,268438473
-1468,1144,16992,-3026,-3692,4377,268438473
-1384,824,16636,-3759,-5168,4543,268438473
-2140,1016,16380,-4468,-6033,4375,268438473
-3208,1096,16488,-4989,-5471,4635,268438473
-3216,684,15052,-4128,-3922,5000,268438473
-3912,368,13960,-2077,-1390,4977,268438473
-5016,524,14372,-362,-724,4742,268438473
-6216,56,15184,-376,-1210,4453,268438473
-6960,384,15232,-308,-1840,3784,268438473
-7384,664,15740,-255,-1237,2824,268438473
-7760,480,16572,-405,-1232,1294,268438473
-7684,244,15976,-256,-1475,13,268438473
-7272,148,16036,42,-1632,-963,268438473
-6648,400,16116,134,-911,-2030,268438473
-6100,288,16160,302,75,-3134,268438473
-5712,640,15856,602,436,-3841,268438473
-4628,700,16028,721,602,-4590,268438473
-4132,1216,15568,747,761,-5322,268438473
-3456,640,15624,958,1518,-6557,268438473
-2920,532,15120,1605,2001,-7460,268438473
-2320,260,15272,2027,1338,-7318,268438473
-1716,320,15892,1911,1191,-6824,268438473
-600,300,16104,2322,1577,-6666,268438473
216,0,16044,3126,2635,-5840,268438473
1556,-308,15620,3558,4120,-4626,268438473
1548,216,16188,3569,3447,-4096,268438473
3568,544,16640,2482,2871,-2891,268438473
3688,808,17068,2073,2544,-1040,268438473
3684,696,17832,1701,832,-174,268438473
3620,460,17488,323,-951,204,268438473
2960,852,17284,-945,-1826,639,268438473
2204,936,17300,-1970,-2480,708,268438473
1832,612,16836,-1927,-1931,1136,268438473
1120,480,16852,-2144,-2256,1604,268438473
548,568,16668,-2609,-3324,2663,268438473
-132,324,16340,-2705,-3500,3572,268438473
-308,584,16172,-2429,-3220,4627,268438473
-884,548,16396,-2273,-3213,5569,268438473
-1104,432,16416,-2497,-2339,5723,268438473
-1228,364,15912,-2137,-1286,5240,268438473
-2008,532,15556,-1624,-1021,5200,268438473
-2944,348,15792,-1701,-487,5399,268438473
-3920,368,15180,-1565,-734,5169,268438473
-5280,760,15416,-1362,-1317,4804,268438473
-5676,520,15252,-1368,-728,4217,268438473
-6328,224,15448,-1072,-766,3412,268438473
-6792,256,15776,-844,-1208,2620,268438473
-6836,84,15816,-935,-660,1298,268438473
-6656,-188,15828,-365,408,-264,268438473
-6272,-328,15916,-3,392,-1159,268438473
-5824,-300,16008,-215,330,-1840,268438473
-5092,-252,16040,173,944,-2612,268438473
-4432,24,15948,657,1224,-3114,268438473
-3720,16,16000,845,1553,-3491,268438473
-2976,124,15664,1013,1760,-4080,268438473
-2792,176,15560,1075,1760,-4564,268438473
-2144,-108,15288,1067,1819,-4705,268438473
-956,-260,15236,1459,1909,-4463,268438473
-896,-120,15532,1847,1065,-4598,268438473
-268,-208,16156,2055,1279,-4477,268438473
620,-116,16272,1794,1787,-3684,268438473
924,-252,16672,1630,1522,-3317,268438473
1184,-284,16536,1669,915,-2273,268438473
2024,-88,17060,1281,1228,-1290,268438473
2472,156,17304,1043,1632,-437,268438473
2060,-224,17976,-2,-727,395,268438473
2276,40,16924,-386,1124,542,268438473
2176,80,16360,426,1309,1303,268438473
1264,164,17164,-310,120,2507,268438473
308,120,16644,-1268,-401,2998,268438473
-64,156,16096,-1485,-861,3490,268438473
-188,-88,15928,-1770,-1004,3920,268438473
-792,-96,15964,-1774,-1852,4132,268438473
-1376,-40,16368,-1932,-2358,4626,268438473
-1804,-184,15980,-1846,-1547,4942,268438473
-2244,-152,15888,-1223,-1932,5343,268438473
-2340,-12,15476,-986,-1796,5346,268438473
-3324,352,15600,-588,-422,4529,268438473
-4580,460,15104,-340,684,3221,268438473
-5812,328,15456,-394,-696,2499,268438473
-6368,504,15540,-967,-2631,2522,268438473
-6552,268,15600,-1393,-3356,2472,268438473
-6136,328,15232,-1074,-3146,1769,268438473
-6048,300,15316,-388,-2427,925,268438473
-5864,748,15736,-343,-1203,107,268438473
-5660,684,15600,-69,-378,-1038,268438473
-5504,716,15576,300,-161,-1936,268438473
-5324,660,15692,91,-265,-2439,268438473
-5188,600,15352,256,385,-3006,268438473
-4624,532,15568,812,423,-3567,268438473
-3772,596,15504,788,250,-4091,268438473
-3460,708,15452,1288,1055,-4604,268438473
-2596,548,15804,2027,1451,-5157,268438473
-1768,356,15760,2113,1448,-5075,268438473
-476,60,15380,2401,1102,-4559,268438473
520,-36,15324,3028,1355,-3894,268438473
1656,0,15612,3852,1838,-3088,268438473
2740,-188,15732,4773,1302,-2073,268438473
2904,-52,15944,4688,411,-555,268438473
2740,-16,16684,3889,422,25,268438473
724,936,20736,3909,-2065,1234,268438473
1336,464,20776,-3141,-6147,732,268438473
60,352,17048,-1363,1270,465,268438473
648,348,18276,1697,1643,334,268438473
-1212,976,19780,476,864,1232,268438473
-2300,1076,19896,-840,-1375,1544,268438473
-2820,1252,19168,-2202,-632,1499,268438473
-3140,1212,18640,-2475,-471,624,268438473
-2468,624,18108,-2299,-742,405,268438473
-2684,416,17760,-3136,-1704,318,268438473
-2520,664,16964,-3939,-806,-179,268438473
-2604,384,16504,-2898,-691,-463,268438473
-2580,648,16644,-2862,-207,-976,268438473
-2068,516,16328,-3360,506,-1340,268438473
-2284,344,15832,-3848,35,-1399,268438473
-2368,-56,15252,-4074,-7,-1722,268438473
-1832,-132,13676,-3653,924,-2031,268438473
-1540,-604,12876,-3163,797,-1769,268438473
-1068,-996,11292,-2829,581,-1375,268438473
-800,-1416,9968,-1862,38,-884,268438473
-420,-1260,9256,-651,-210,-92,268438473
-552,-992,9392,918,-946,795,268438473
-500,-624,9556,2385,-908,1551,268438473
-872,20,10840,3808,-956,1701,268438473
-1448,724,12652,5221,-496,1743,268438473
-2312,1328,14540,5637,-512,1431,268438473
-2040,1396,16144,4935,-518,855,268438473
-1956,1168,16812,4628,-729,679,268438473
-2148,1288,17856,4636,-504,770,268438473
-2424,1696,18040,4118,197,736,268438473
-2056,1432,17752,3924,914,498,268438473
-2180,552,18176,2742,-604,583,268438473
-1944,464,17712,1126,-1952,703,268438473
-1532,416,16396,1817,-1680,821,268438473
-1552,560,16704,3313,-254,937,268438473
-1068,988,17988,4006,537,1117,268438473
-1232,1312,18664,3129,773,724,268438473
-1500,1904,19396,1626,1095,122,268438473
-2404,2420,20260,394,431,-68,268438473
-2768,2040,20300,-718,24,-344,268438473
-2344,2324,19612,-764,421,32,268438473
-2144,2164,19892,-902,398,478,268438473
-1996,2092,18588,-2214,309,545,268438473
-2260,1384,17868,-2672,-479,163,268438473
-2324,1136,17436,-3940,-673,-213,268438473
-1872,1212,16024,-3830,-304,-193,268438473
-1588,1156,15932,-3212,428,-208,268438473
-1744,1008,16236,-2433,1652,-504,268438473
-2012,428,15704,-2027,1307,-399,268438473
-1820,316,15120,-2227,575,-106,268438473
-1768,444,14668,-2166,508,-230,268438473
-1976,724,14456,-1990,867,-390,268438473
-2144,744,15120,-1842,685,-447,268438473
-2172,456,14604,-2340,-378,-447,268438473
-1708,480,13724,-2986,-970,-370,268438473
-1792,204,13308,-2742,-1327,-268,268438473
-1348,-160,12316,-2671,-2203,-263,268438473
-604,-408,11400,-2155,-2913,9,268438473
-636,-192,11476,-799,-1994,-6,268438473
-1332,40,12496,794,-422,-8,268438473
-1412,80,13592,1229,-594,123,268438473
-1168,348,13728,1372,-1058,363,268438473
-1096,356,13968,1788,-1208,325,268438473
-1336,364,14772,2687,-424,197,268438473
-1300,388,15168,2909,51,160,268438473
-1316,536,15664,3305,686,386,268438473
-1424,920,15476,3328,862,550,268438473
-1972,716,16200,2861,-776,835,268438473
-1844,656,16480,2232,-2314,1126,268438473
-1008,896,16720,2282,-2090,921,268438473
-984,1284,16732,2527,-545,680,268438473
-1380,1132,17312,3102,-330,1048,268438473
-1448,1204,17916,3043,-959,1327,268438473
-1496,1356,18312,2488,-425,1147,268438473
-2120,1428,18868,2323,-130,951,268438473
-2300,1620,19828,1667,-237,564,268438473
-2232,1736,20224,807,-180,233,268438473
-2256,1996,20956,-67,-33,-5,268438473
-2304,1948,20868,-944,282,-219,268438473
-2124,1680,20056,-1891,637,-437,268438473
-2036,1708,19636,-2055,1121,-701,268438473
-1848,1676,19176,-2729,761,-742,268438473
-1944,1552,18448,-3768,266,-668,268438473
-1924,1472,17940,-4097,98,-750,268438473
-1628,1340,16560,-4218,1025,-1048,268438473
-1032,1028,15036,-3702,2424,-1300,268438473
-1332,676,15060,-3110,2759,-1109,268438473
-1652,540,15120,-3343,1890,-1034,268438473
-1540,528,14784,-3730,1330,-805,268438473
-1536,584,14116,-3332,801,-774,268438473
-1644,148,14132,-2775,911,-799,268438473
-2416,192,15040,-2973,266,-861,268438473
-2076,-72,13668,-2931,753,-996,268438473
-1484,-468,12560,-1978,863,-648,268438473
-1784,-908,12064,-1361,102,-174,268438473
-1636,-1012,12072,-1295,-1285,206,268438473
-1548,-1080,11596,-859,-2134,615,268438473
-1292,-1116,11764,-6,-2742,596,268438473
-1220,-724,12560,868,-2076,403,268438473
-1552,-492,13152,1919,-1145,190,268438473
-1972,-428,13956,2546,-735,111,268438473
-1976,-288,14560,2826,-1181,266,268438473
-1892,92,15808,3036,-1144,599,268438473
-2028,292,16304,2850,-1026,526,268438473
-1864,272,15872,2927,-279,99,268438473
-1688,148,15980,3064,-353,64,268438473
-1756,8,16172,2474,-826,366,268438473
-1604,36,16104,1701,-715,206,268438473
-1716,44,15936,1940,-159,205,268438473
-1704,260,16428,1960,-351,487,268438473
-1328,316,16488,2105,-261,340,268438473
-1436,432,16556,2343,455,399,268438473
-1576,1168,17184,2648,651,503,268438473
-2152,1176,17728,2856,1093,398,268438473
-2252,1144,18004,2661,1198,354,268438473
-3424,5516,22432,3820,-4510,2317,268438473
-2168,1864,22492,-5592,-5664,1090,268438473
-1388,1036,17200,-3135,719,-975,268438473
-648,200,16408,1082,4202,-1602,268438473
-2560,1036,18288,1969,3399,-992,268438473
-2728,1404,19224,-46,2299,-541,268438473
-2940,1648,18620,-1598,1260,-267,268438473
-2516,1484,17636,-2439,579,-457,268438473
-2176,1240,17380,-2642,386,-642,268438473
-2088,1012,17012,-2725,829,-770,268438473
-1892,972,16156,-2319,1198,-696,268438473
-1932,976,16152,-2080,1520,-710,268438473
-2076,860,15988,-2242,1347,-693,268438473
-2376,804,15908,-2204,756,-614,268438473
-2552,768,16612,-2952,512,-749,268438473
-2240,536,15388,-3361,465,-985,268438473
-2024,68,14968,-2819,401,-994,268438473
-2496,-200,14904,-2967,194,-954,268438473
-2016,-624,13532,-2993,782,-1163,268438473
-1924,-1000,12556,-2394,786,-1110,268438473
-1996,-1336,12092,-2296,-191,-855,268438473
-1700,-1672,10976,-1780,-1314,-504,268438473
-1588,-1440,11124,-1005,-2052,336,268438473
-1916,-1184,11284,-304,-2518,625,268438473
-1816,-1096,11656,1187,-2500,753,268438473
-1876,-756,12916,2265,-1973,813,268438473
-1808,-128,13936,3470,-1247,739,268438473
-2096,136,14876,3966,-683,726,268438473
-2160,164,14520,4333,-403,649,268438473
-2220,132,15764,3716,-409,494,268438473
-2052,224,15884,3817,-516,510,268438473
-2120,488,16092,3507,-724,702,268438473
-1928,412,16360,3361,-1165,715,268438473
-1916,736,17376,3274,-1022,558,268438473
-1656,888,17564,2885,-234,327,268438473
-1752,792,18304,2593,408,181,268438473
-1680,708,18864,2094,1405,349,268438473
-1476,776,19928,741,2069,1166,268438473
-2460,960,20160,-1340,1852,2065,268438473
-2788,1204,19516,-2021,1227,2102,268438473
-2816,848,19880,-2594,3534,1834,268438473
-3624,700,18620,-3864,2944,2126,268438473
-3804,568,17792,-4789,48,1816,268438473
-4136,516,17968,-5474,-1540,1289,268438473
-4548,1040,16352,-5751,-2243,265,268438473
-3392,556,15324,-4073,-1662,-1214,268438473
-2984,40,14836,-2472,-328,-1761,268438473
-2896,-96,14476,-1634,-438,-2085,268438473
-2656,-544,14308,-1287,-114,-2028,268438473
-2988,-496,14224,-1310,-120,-1946,268438473
-2832,-344,14040,-812,-826,-1941,268438473
-3004,-444,14392,-576,-1654,-1777,268438473
-2444,-200,14672,-713,-3177,-1927,268438473
-1868,-16,14196,-403,-2992,-2050,268438473
-1472,-72,14100,263,-2414,-2106,268438473
-760,-180,13304,740,-2147,-1980,268438473
184,-128,12764,1944,-1048,-1229,268438473
328,-112,12952,3490,-604,-428,268438473
548,-188,13956,4993,-373,319,268438473
952,32,14960,5261,-14,961,268438473
580,292,16268,5276,1231,1363,268438473
444,704,17328,5037,1843,1679,268438473
160,908,18168,3829,2109,2444,268438473
312,732,18704,2266,1329,3003,268438473
124,704,18336,1168,1554,3407,268438473
-1024,440,18032,658,1753,3843,268438473
-888,400,18412,469,810,4004,268438473
-2484,340,18436,-1270,-481,4296,268438473
-2704,392,17756,-2867,-1914,3353,268438473
-3576,620,17484,-3280,-2471,2516,268438473
-3696,428,16828,-3678,-2790,1588,268438473
-3428,524,15264,-3487,-3148,1052,268438473
-3140,920,13980,-2198,-2063,794,268438473
-3124,1064,13972,-284,-503,771,268438473
-3604,1272,13556,1050,1184,858,268438473
-4128,1344,13424,2279,1462,812,268438473
-4800,1236,13924,3238,844,401,268438473
-4512,1312,14552,3740,904,-219,268438473
-4652,1548,16052,3841,-24,-904,268438473
-4404,1780,16776,3151,-347,-1664,268438473
-4192,1832,17324,2753,-351,-2360,268438473
-4260,1728,17668,1990,-1095,-2940,268438473
-3468,1300,18060,1332,-1088,-3524,268438473
-3128,1264,18264,647,-794,-4031,268438473
-2392,984,18192,402,65,-4366,268438473
-1608,972,18812,-6,652,-4560,268438473
-1096,912,19300,-1065,1480,-4158,268438473
-716,1248,19792,-2432,764,-3995,268438473
-44,1284,19384,-3431,1712,-3554,268438473
392,1132,18848,-4621,2601,-2822,268438473
956,1012,17704,-5253,3752,-2013,268438473
936,828,16776,-4859,3719,-1769,268438473
1412,476,16572,-4830,4170,-1225,268438473
1032,452,15228,-4913,4388,-145,268438473
1092,-80,13768,-4736,3630,1155,268438473
584,-408,12148,-4047,1570,2350,268438473
-232,-380,11508,-2684,609,3394,268438473
-1108,-344,11316,-1413,734,3872,268438473
-2092,-252,11252,-348,561,4122,268438473
-3216,-216,11412,444,-705,4345,268438473
-4176,104,11888,916,-1426,4264,268438473
-5168,44,13040,1524,-2313,4027,268438473
-5468,0,13860,2041,-3040,3409,268438473
-6104,196,15452,2220,-2201,2380,268438473
-6528,76,16208,1651,-1501,730,268438473
-7132,140,16224,1454,-1385,-380,268438473
-7452,264,16964,1396,-2051,-874,268438473
-7488,488,17456,771,-3877,-1408,268438473
-7000,296,17500,594,-3730,-1807,268438473
-5680,-88,16524,876,-2970,-2438,268438473
-4072,-596,16724,1363,-1699,-3217,268438473
-1820,100,16516,1598,-585,-3583,268438473
-564,228,16720,1642,402,-3637,268438473
656,300,16960,1355,818,-3323,268438473
1868,468,17340,870,1144,-2445,268438473
2904,180,17356,208,1012,-1096,268438473
2904,12,16404,-603,1614,377,268438473
2048,-160,15652,-1050,907,1533,268438473
1144,-56,15792,-982,203,2632,268438473
-296,-64,15460,-1507,-137,3552,268438473
-1900,-152,14980,-1875,-3198,3759,268438473
-3224,-8,15692,-1771,-3196,3568,268438473
-5024,348,15732,-2456,-4224,2450,268438473
-5480,260,15464,-2417,-4255,1043,268438473
-6208,148,15128,-1567,-3565,-508,268438473
-6852,-204,15712,-992,-4662,-1715,268438473
-6268,-76,16696,-1473,-6052,-1203,268438473
-6944,-564,16136,-2263,-6110,-1744,268438473
-7400,-5112,14724,-646,-6340,-1251,268438473
-1816,-740,15104,1522,-1570,46,268438473
-1992,-680,15604,1344,1690,-4320,268438473
-1608,-440,15952,1682,-1999,-1484,268438473
-156,712,15892,2261,2166,-1361,268438473
316,292,15192,1884,-1008,-1476,268438473
1452,-48,15412,1697,-2916,-1278,268438473
2428,-516,15316,2281,-2587,-563,268438473
3392,-180,18596,2197,-10370,899,268438473
3780,1056,20364,1806,-4298,1823,268438473
2332,2856,15920,619,3491,805,268438473
868,1704,12840,-291,-586,-835,268438473
1328,640,12640,-956,-6765,-748,268438473
824,-236,14868,-470,-10705,-242,268438473
2220,340,16568,1395,-13903,87,268438473
2580,748,17344,1410,-15076,-828,268438473
4300,348,16164,-966,-12002,-1655,268438473
3716,-784,15784,-2907,-10721,-1408,268438473
4000,228,18308,-222,-10147,1363,268438473
4252,1324,16916,163,-8440,1398,268438473
4636,1540,16384,1023,-8711,466,268438473
5368,1408,16372,2745,-8939,-1231,268438473
5716,904,15652,1534,-11269,-995,268438473
5568,712,12776,1722,-12694,-179,268438473
6416,-468,13420,-1035,7150,2518,268438473
5888,80,14776,-834,5617,-444,268438473
7780,1924,18544,2324,6958,-2071,268438473
5156,1100,16084,-459,4173,718,268438473
5760,772,15012,491,3588,467,268438473
6380,1660,16008,98,6002,117,268438473
4620,1176,16448,135,7611,-332,268438473
4024,840,15636,42,6921,-239,268438473
3576,904,16548,-60,5739,791,268438473
3672,1040,15572,425,4913,1264,268438473
3700,352,15144,-209,7652,236,268438473
3236,176,13924,-80,10347,-1185,268438473
4048,268,11236,587,21987,-3057,268438473
1336,2092,10420,-2677,32767,-4101,268438473
-2512,-1052,11236,3468,-11223,2432,268438473
17364,4092,32767,-1689,5925,333,268438473
-280,1132,17100,904,-2011,64,268438473
-56,776,15940,-266,556,-14,268438473
32,892,15788,-20,-251,19,268438473
-232,660,16424,28,-456,21,268438473
-68,828,16380,-100,84,-8,268438473
-12,816,16068,-23,-253,7,268438473
-80,776,16192,-28,-226,-9,268438473
-60,884,16304,-46,-153,15,268438473
-136,760,16104,-46,-156,32,268438473