-416,580,16200,-35,-181,4,268438473
-292,528,16276,-53,-198,-3,268438473
-332,588,16212,-27,-178,16,268438473
-332,632,16172,-43,-135,36,268438473
-304,636,16112,-31,-200,-12,268438473
-328,520,16168,-52,-179,18,268438473
-420,504,16136,-48,-153,-3,268438473
-356,544,16056,-36,-181,42,268438473
-368,548,16264,-18,-185,20,268438473
-348,592,16224,-56,-190,18,268438473
-384,596,16172,-12,-196,15,268438473
-300,600,16188,-8,-173,-6,268438473
-448,548,16172,-33,-209,30,268438473
-136,552,15904,13,-129,-8,268438473
-416,744,16032,-121,-251,0,268438473
-488,532,16832,2,-137,15,268438473
-304,572,16196,-14,-167,12,268438473
-412,568,16104,-19,-153,-11,268438473
-372,528,16148,-14,-179,1,268438473
-264,568,16240,-37,-183,12,268438473
-360,592,16464,-28,-189,0,268438473
-332,688,15884,-34,-177,-16,268438473
-260,328,16096,-60,-174,6,268438473
-280,684,16076,-64,-205,2,268438473
-384,592,16232,-5,-175,16,268438473
-388,576,16256,-39,-183,15,268438473
-384,552,16144,-23,-180,5,268438473
-360,624,16248,-39,-194,6,268438473
-444,676,16104,-29,-194,23,268438473
-352,568,16080,-25,-200,-6,268438473
-376,480,16116,-25,-187,11,268438473
-416,540,16236,-2,-186,-6,268438473
-412,572,16204,2,-175,-3,268438473
-9804,1368,16560,59,-2001,4184,268438473
-5092,-756,15716,-607,-2151,13868,268438473
-4332,288,17316,-706,-3655,15561,268438473
740,1420,14828,-664,-4096,15616,268438473
-132,-1268,17132,-163,-230,16411,268438473
-1640,-1224,15244,-336,-1109,17970,268438473
-1048,-1996,16320,40,-114,17876,268438473
372,-1332,17024,2457,6430,17908,268438473
568,-1800,18304,6157,18006,17278,268438473
732,-172,16744,1760,-13041,11182,268438473
3608,3772,17464,2734,-14551,5120,268438473
4316,872,19748,2473,-22054,643,268438473
3760,-76,13932,8010,-7282,-14197,268438473
6376,4920,12732,12620,17625,-14197,268438473
496,3084,9648,8353,18615,-4770,268438473
-984,1740,16064,1981,9815,-428,268438473
-844,1044,16356,-2533,-3916,440,268438473
-516,3220,14616,-2659,-1189,1476,268438473
116,3928,14516,-2279,5094,1479,268438473
-652,2132,16024,-1826,10186,1356,268438473
-2352,2724,17732,-1425,10713,2040,268438473
-2352,812,16560,-2896,3910,1288,268438473
-4172,2720,24996,-590,10051,3147,268438473
-8732,1256,19240,2601,19559,3488,268438473
-516,3400,16188,6278,16888,-417,268438473
4992,2788,14676,7511,1478,-6943,268438473
-2560,3020,16000,1149,14167,2054,268438473
-6500,80,13072,-312,10406,4404,268438473
-6296,4296,14952,-1523,12283,4111,268438473
-6124,1776,16376,193,13242,504,268438473
-6928,2256,16300,455,-9297,-4574,268438473
-6112,5240,14764,-616,-10000,-9146,268438473
-2956,5060,15520,-2765,-7081,-8766,268438473
-1932,3556,16636,-3982,-10713,-4550,268438473
-2920,2984,17284,-3994,-17268,-3751,268438473
-3000,3504,17992,-4616,-28340,-6082,268438473
372,2308,17600,-6304,-32768,-6080,268438473
2172,3864,15776,-7985,-32768,-4424,268438473
4156,3072,13804,-9423,-32768,-3487,268438473
6096,-656,12592,-7854,-32768,-5959,268438473
6172,-268,13096,-5864,-31348,-10123,268438473
6448,2128,12436,-4798,-26896,-12082,268438473
9956,1184,12256,-6909,-24765,-11894,268438473
13084,564,9472,-7985,-20540,-11382,268438473
13804,400,6932,-6662,-13589,-9474,268438473
15776,-948,12900,-1448,7954,-10581,268438473
13764,1336,12252,-2074,9227,-3741,268438473
11192,-712,12964,-2541,11790,3347,268438473
8540,-1476,13956,-2025,18185,5274,268438473
3880,-1880,15536,-2397,15103,4120,268438473
3932,-872,15300,-1711,5914,-1267,268438473
4876,304,15220,776,-2758,-4986,268438473
8524,1872,14760,2437,-13542,-8024,268438473
10976,3336,15660,2683,-12491,-6516,268438473
10612,2768,15148,-1375,-7909,-3483,268438473
9288,2204,15588,-4041,-8482,-2151,268438473
8300,1548,12428,-4846,-12502,-3563,268438473
8900,960,11684,-3380,-11361,-5274,268438473
8688,668,10712,-2354,-13277,-7344,268438473
9644,856,9660,-2186,-9203,-8877,268438473
12192,2044,9708,-2486,-4319,-7672,268438473
11188,1324,10604,-3773,-2755,-6888,268438473
12204,1572,10124,-2464,-3035,-5917,268438473
13748,1844,10316,-2465,-3295,-4065,268438473
15076,404,11580,-969,-7407,-1762,268438473
13388,-44,13004,558,-6633,1880,268438473
13656,784,11960,365,-4134,3553,268438473
12264,88,12600,-2569,-353,5636,268438473
10524,288,12904,-3204,8114,5314,268438473
11192,1668,14040,-5434,19303,5422,268438473
10660,1156,13672,-7078,26664,4640,268438473
9504,960,14616,-8606,29321,4286,268438473
7420,468,13592,-5538,27308,3825,268438473
5936,-1056,14408,-2729,25670,2637,268438473
5168,-1840,12608,-114,22760,2579,268438473
4204,-832,14220,3096,18868,1847,268438473
4376,-760,13636,2977,18567,256,268438473
5192,60,14464,2257,17826,-1386,268438473
3500,-1628,18796,37,17786,-2790,268438473
3184,-1484,16712,-3740,19033,-2324,268438473
3444,-116,16196,-4062,15934,4163,268438473
1280,-2100,16152,-3509,17720,8220,268438473
-152,-2056,15096,-2634,15299,9486,268438473
-2656,-1940,15796,574,14066,11585,268438473
-4328,-1236,15820,3641,6552,13247,268438473
-6124,-680,15732,7817,-1850,8742,268438473
-2624,2532,16916,8417,-1172,4059,268438473
-1808,1064,18144,3598,5430,3844,268438473
-1576,1596,17340,994,6844,3840,268438473
-1680,1580,16512,-288,11537,3661,268438473
-2336,1108,14896,-541,12879,2591,268438473
-4004,588,14720,1498,12049,-163,268438473
-4664,912,14660,6184,5589,-2257,268438473
-4472,1280,14980,8486,2032,-4387,268438473
-4728,1440,14684,8334,2811,-6649,268438473
-4696,916,14460,6923,3372,-9824,268438473
-4608,980,13096,6243,6560,-11552,268438473
-3456,1912,14772,3300,-3120,-13966,268438473
-3968,640,15648,2579,-8874,-15658,268438473
-3344,372,16920,6968,-13208,-18014,268438473
-3772,2044,15460,7821,-10102,-19213,268438473
-3192,1720,15396,5442,-6408,-17642,268438473
-2116,1324,15752,4838,-8986,-16551,268438473
-1920,2140,15888,5814,-9772,-14577,268438473
-2432,2232,16720,6570,-10712,-10931,268438473
-2204,2692,16488,6198,-11767,-8334,268438473
-1000,3344,16016,3805,-12151,-7611,268438473
-1096,3460,16704,2103,-10172,-7368,268438473
-1552,3080,17340,2883,-8925,-6031,268438473
-728,2024,17752,4714,-9514,-3797,268438473
-1572,1468,17324,3886,-14845,1048,268438473
-420,1248,15380,3307,-28254,8303,268438473
380,-8,15964,4120,-23160,13328,268438473
816,5548,14852,3249,-6705,21274,268438473
-2176,3408,16408,-899,4327,28900,268438473
-360,1088,17316,-2971,8369,32284,268438473
2140,2456,14584,-4289,14410,31283,268438473
1504,1888,14368,-4207,12056,29904,268438473
-312,8,16100,-1791,13628,28678,268438473
-1924,-540,15924,1501,15733,21018,268438473
1960,1732,13668,2727,14665,6502,268438473
-3556,2228,16516,5952,17149,-389,268438473
-1176,220,17472,12010,25693,-3154,268438473
-2980,896,16172,15259,32767,-1457,268438473
-4808,2572,14180,12060,32767,266,268438473
-6028,1596,12636,7412,27172,2423,268438473
-8660,4784,12816,3894,16916,6254,268438473
-5624,3052,15764,3592,6741,3134,268438473
-7360,3060,17528,1923,522,4184,268438473
-6832,5192,16800,-2800,-11815,2617,268438473
-5736,5516,14532,-5975,-13808,-141,268438473
-3684,3896,13640,-7509,-17969,-4947,268438473
-3772,3808,12668,-8288,-30019,-7937,268438473
1000,2132,12788,-9187,-32768,-8513,268438473
1992,2344,15824,-6641,-32768,-6450,268438473
1332,2860,14628,882,-32768,-5627,268438473
2528,2892,14936,1846,-32768,-489,268438473
4344,2524,14608,1231,-32768,3660,268438473
7340,2524,14860,2016,-24526,4025,268438473
7596,2336,15844,1003,-7225,3412,268438473
7168,2696,16392,-120,-322,3343,268438473
6684,2424,14776,345,7832,1435,268438473
6144,2864,14684,2329,11700,-918,268438473
5580,2960,15568,1580,14945,-3267,268438473
4360,3564,17296,-624,25344,-5999,268438473
2608,4616,16572,220,32767,-8584,268438473
-332,5052,15544,-643,32767,-9701,268438473
-5304,1952,15044,-1501,32767,-8894,268438473
-5860,-588,13768,3634,32767,-2861,268438473
-6724,944,12168,3041,4438,1820,268438473
-3628,1312,14024,-132,-32768,7097,268438473
-3440,2028,17940,-8823,-32768,8127,268438473
-184,3676,15460,-15388,-32768,10766,268438473
5796,4480,12408,-19059,-32768,9529,268438473
8496,2680,13524,-16476,-32768,996,268438473
10000,1416,13552,-9690,-32768,-12558,268438473
13784,-788,15340,-4090,2492,-11449,268438473
12588,-820,14136,-3522,32767,-4496,268438473
9908,-344,13476,-3888,32767,-2588,268438473
5900,192,13044,-3151,32767,1906,268438473
1660,1132,12264,255,32767,3350,268438473
-2040,-288,11384,6439,32767,7144,268438473
-6400,-420,11088,5581,13997,7635,268438473
-4912,-148,14456,2765,-29613,6298,268438473
-3408,1924,14672,-6053,-32768,5038,268438473
4024,1612,20640,-10199,-32768,2199,268438473
5436,2012,15520,-7107,-32768,-520,268438473
8748,992,15976,-986,-32768,-5384,268438473
11868,-68,15452,5001,-14564,-7840,268438473
10664,-412,16124,5732,15305,-6334,268438473
8892,-388,15632,2734,32767,-7675,268438473
6024,2396,14264,-459,32767,-4715,268438473
2244,2892,20864,-339,32767,-985,268438473
-3520,1904,10704,2675,32767,3616,268438473
-3000,-164,13488,1785,-13049,6989,268438473
-2132,1636,15168,-3808,-32768,8281,268438473
1300,1588,17968,-8761,-32768,5899,268438473
6516,2972,13276,-7332,-32768,1788,268438473
9572,1228,13236,-3250,-32768,-6081,268438473
13160,944,12800,-401,-27549,-11396,268438473
15444,892,12392,2761,-2479,-8758,268438473
14336,120,12256,3547,19691,-4413,268438473
11828,952,14228,1933,32767,-3791,268438473
7904,3144,14880,1014,32767,-416,268438473
4236,4052,12588,-1941,32767,2402,268438473
2428,1344,12116,-3270,32767,2245,268438473
-488,360,11600,1624,8221,5044,268438473
-1244,4,14128,2281,-30230,7878,268438473
3836,2148,13420,1033,-32768,5937,268438473
6528,3112,15564,-4087,-32768,440,268438473
10996,1708,17476,-4958,-32768,-6011,268438473
13500,2536,13240,-871,-26787,-12159,268438473
17172,3200,11536,2031,-1254,-8774,268438473
14492,1484,13032,4266,21892,-2222,268438473
11360,2672,13924,3166,32767,2676,268438473
8000,3384,14608,738,32767,5050,268438473
4500,3784,13888,-3494,32767,5048,268438473
3160,1064,14996,-4100,32767,4300,268438473
232,2300,8204,2086,17195,5555,268438473
632,1144,11928,4022,-20369,5531,268438473
2300,4120,16336,-458,-32768,4689,268438473
7476,4960,16792,-3766,-32768,666,268438473
8736,4512,17372,-6263,-32768,-4217,268438473
11284,2504,17000,-4932,-31893,-8187,268438473
14152,1792,15868,-1894,10128,-8015,268438473
11660,1464,15388,-2336,32767,-3460,268438473
9216,1800,14356,-7242,32767,1395,268438473
7360,2112,17892,-9204,32767,2238,268438473
2488,2712,11468,-4106,32767,2704,268438473
-1084,-296,12776,-1601,32767,5470,268438473
-3904,1196,12556,1485,25805,3638,268438473
-4844,720,13528,3365,2413,2676,268438473
-6116,3528,14420,2857,-8953,1669,268438473
-6788,3280,14352,1688,-14751,-2346,268438473
-7576,2884,14704,327,-17660,-6232,268438473
-6636,1416,14496,-304,-13118,-8345,268438473
-4268,2016,15088,661,-10372,-9100,268438473
-2860,468,15716,2434,-5673,-9285,268438473
-1356,-68,15568,4407,357,-7850,268438473
800,1232,15912,5041,5702,-5869,268438473
988,1404,16772,2483,4268,-823,268438473
-256,2708,17832,-2061,-371,5334,268438473
-3048,3748,17692,-6304,-2041,11702,268438473
-2744,2780,16664,-9881,-784,15872,268438473
-1776,3096,14748,-10366,1979,18728,268438473
-2232,1792,14480,-10155,5920,21847,268438473
-1112,1488,14032,-8009,1447,25025,268438473
-2004,724,14892,-4899,730,25569,268438473
-3720,140,16068,-2009,-630,22660,268438473
-2396,1696,16688,-2609,-541,21479,268438473
-2004,1004,16560,-4112,-12,20567,268438473
-1880,400,16552,-2864,-1796,19305,268438473
-2120,920,17200,-1014,-4116,18610,268438473
-1568,952,17308,-1082,-4432,16118,268438473
-816,1448,17040,-1749,-2551,12014,268438473
284,172,16732,-520,-841,6106,268438473
952,-1716,15952,792,-1821,216,268438473
2176,-932,15264,1629,-2277,-8364,268438473
444,-1200,14804,2536,-404,-17489,268438473
916,1476,14684,2487,4679,-21052,268438473
-836,120,13508,4813,1999,-25016,268438473
0,364,13632,8338,-8456,-20709,268438473
1820,628,15004,7984,-14564,-16890,268438473
664,1320,16420,7525,-23965,-12756,268438473
2940,1992,17484,3820,-27630,-10528,268438473
3672,3268,15124,-108,-25129,-10195,268438473
3968,2996,14628,-3132,-18953,-12422,268438473
3352,3656,16328,-1037,-16098,-14918,268438473
3364,3820,16388,1038,-10272,-18074,268438473
3524,4904,16864,2276,-2226,-20480,268438473
4400,5008,17116,1137,5688,-22994,268438473
4892,5280,17468,-573,14289,-24164,268438473
5456,180,17900,-3325,9724,-19884,268438473
936,2432,17268,-5798,2588,-15748,268438473
1584,3060,15232,-3440,2476,-14000,268438473
1724,2276,15868,689,6297,-11755,268438473
2640,2888,15544,6090,9402,-8533,268438473
1420,4852,16692,5134,9245,-7385,268438473
-160,5304,17128,-24,4981,-9435,268438473
220,4272,17320,-3696,7774,-10440,268438473
-1060,4724,15900,-4597,11819,-11013,268438473
-1184,5424,16680,-4477,14179,-12653,268438473
564,5236,18620,-3802,16293,-16965,268438473
-2972,4124,16348,-6419,16801,-17097,268438473
-4364,2876,15184,-8188,13810,-14332,268438473
-4488,1540,13840,-6015,12157,-12841,268438473
-5528,24,12264,-4471,10818,-10661,268438473
-6820,-1312,10936,-3861,6918,-6105,268438473
-7344,-2200,9764,-2402,1394,-791,268438473
-7836,-1908,9452,596,-5023,4688,268438473
-8308,-824,9688,4775,-12913,9803,268438473
-8476,852,10188,6663,-19036,14014,268438473
-8276,948,13540,9587,-15397,17089,268438473
-6860,3924,14908,8252,-13882,16093,268438473
-5064,4380,16292,4042,-22600,13736,268438473
-2300,4332,17208,2523,-24666,9792,268438473
-640,3832,18544,2966,-19625,5756,268438473
1096,3928,19200,3610,-8455,1973,268438473
1568,3956,16856,2996,-907,257,268438473
7356,2112,17708,3651,5895,2409,268438473
340,3824,16228,5865,7403,10810,268438473
-160,3844,14584,7010,7505,11145,268438473
-1396,5064,15416,7872,3170,10342,268438473
-1020,5700,16204,8216,2606,7862,268438473
-452,6116,16844,8719,4431,2824,268438473
872,5500,17164,9076,11638,-1222,268438473
-648,5972,14336,6870,7985,-308,268438473
-680,7140,14288,5470,4429,1313,268438473
-828,7736,14716,4040,1527,1047,268438473
-1412,7472,14384,5593,1485,650,268438473
-1524,7344,13196,7915,1532,916,268438473
-1132,7300,12992,10371,4205,782,268438473
-1256,8848,13088,11543,6066,788,268438473
-1916,8772,10404,11888,8702,55,268438473
-2204,11408,13204,10237,7365,-774,268438473
-1600,11208,12320,6509,6277,-394,268438473
-2232,11796,12040,2745,5239,-102,268438473
-2632,11200,10908,1074,5522,-531,268438473
-2480,10932,10308,140,8211,-1576,268438473
-3012,10592,10280,-2460,9479,-2500,268438473
-3092,8964,9540,-4815,9968,-3797,268438473
-3520,7756,9264,-5700,13967,-3503,268438473
-4652,7904,9392,-5268,16551,-3466,268438473
-5848,9100,9532,-3888,19794,-4347,268438473
-6644,8508,9252,-3119,22003,-6316,268438473
-8828,7728,9572,-3992,24247,-7332,268438473
-10596,8780,9172,-7467,29817,-8734,268438473
-11824,9612,8716,-8766,32694,-8031,268438473
-11456,7956,7588,-6490,31776,-8555,268438473
-13048,7248,6384,-2320,29753,-11049,268438473
-15012,4772,6116,954,25100,-11505,268438473
-14544,5092,5148,1943,20892,-10418,268438473
-15328,4684,3632,-103,18506,-10831,268438473
-15168,4188,2596,-3137,17156,-10950,268438473
-15636,3868,1556,-6324,12031,-9849,268438473
-15864,3044,280,-7613,4649,-6201,268438473
-15268,2764,-492,-7811,-4415,-291,268438473
-16652,2568,-452,-6972,-14731,5325,268438473
-16648,2636,1044,-5193,-26489,9407,268438473
-15928,4412,2464,-2233,-32768,11726,268438473
-14544,4888,5168,566,-32768,10752,268438473
-12380,5632,7344,2968,-32768,8671,268438473
-9504,5848,9276,4613,-32768,6180,268438473
-7624,6160,12380,5554,-32768,5310,268438473
-5384,7056,12896,7086,-32768,4727,268438473
-3104,6852,14152,7396,-32768,6150,268438473
-952,7352,14316,7670,-32768,6723,268438473
1064,7144,14828,8494,-32265,6282,268438473
2164,7184,13680,7738,-26619,6064,268438473
4564,6796,13316,6853,-26714,5135,268438473
6636,9916,11060,6949,-27647,3054,268438473
7240,8532,10632,6769,-27193,2280,268438473
8468,9532,9940,6330,-27639,3216,268438473
9208,8984,9116,6985,-27653,4269,268438473
10872,9152,8452,9139,-24975,5206,268438473
11140,9552,7600,9767,-24149,7369,268438473
12152,9524,6564,8158,-21560,9506,268438473
11888,8772,5888,5791,-17715,10357,268438473
12820,8372,5112,3430,-12760,8523,268438473
12388,9268,4572,910,-7720,6288,268438473
13080,8432,4456,657,-4978,4115,268438473
13868,8696,3940,299,-2334,3895,268438473
14988,8364,3580,-820,865,6165,268438473
15556,9568,3444,-2420,4598,8327,268438473
14376,7028,4332,-3005,9368,8965,268438473
14016,6760,4660,-3904,13256,7415,268438473
12648,6096,5944,-5605,15135,5282,268438473
12872,5704,7032,-6461,17020,3636,268438473
13736,5572,7948,-6238,19521,2180,268438473
13916,5716,9148,-7042,23183,1358,268438473
13188,4600,10436,-9406,24662,222,268438473
12208,4416,11984,-10977,24996,627,268438473
10792,3644,12844,-11921,24988,1411,268438473
9096,4112,13864,-12510,23354,97,268438473
8264,4168,14200,-12197,22669,-1745,268438473
7788,3612,15128,-10479,21668,-2252,268438473
7452,2944,15752,-8419,17597,-1235,268438473
6004,2092,15884,-8323,13289,1347,268438473
6156,1096,17196,-9905,9510,2997,268438473
4116,-164,16324,-11954,13901,2089,268438473
2464,-808,15268,-12512,16649,-1738,268438473
1208,-828,14216,-11414,19730,-3952,268438473
-1020,-680,14160,-7507,22877,-4873,268438473
208,-2716,15996,-599,20886,-5394,268438473
-2420,1260,18960,5805,3354,-1241,268438473
-1480,-6120,16816,9073,8301,1152,268438473
-556,-872,14508,7644,12688,4451,268438473
-720,-488,14868,9480,15293,6211,268438473
-132,1164,13836,9505,11991,6786,268438473
-4756,3920,15228,5241,2791,5172,268438473
-6680,2140,18584,2324,10687,-3213,268438473
-5752,2796,17364,-4679,7524,-6327,268438473
-5504,2348,16100,-8539,6473,-5977,268438473
-4904,744,14192,-9402,6552,-4668,268438473
-4924,136,13468,-8285,7795,-3300,268438473
-5888,-1104,14248,-5576,11579,-4291,268438473
-7088,92,14992,-2644,14665,-4078,268438473
-7544,-1504,13812,-1069,10791,-4341,268438473
-7300,-1884,12104,13,4747,-3264,268438473
-6136,-2516,11016,1561,-921,360,268438473
-5852,-2688,10220,4543,-11100,5172,268438473
-6784,-3800,10864,7750,-26003,9254,268438473
-5644,-936,13380,12108,-32768,12484,268438473
-3508,2748,15892,16534,-32768,12274,268438473
-592,7388,18312,17342,-29124,6747,268438473
-116,5880,20564,13348,-19915,-1744,268438473
1616,4760,20628,3635,-18903,-11864,268438473
3144,4636,19272,-8313,-16241,-17359,268438473
4388,3160,15040,-13779,-8438,-17847,268438473
4188,1548,12608,-10537,1568,-14083,268438473
2408,-416,12584,-2737,10623,-5538,268438473
352,-1012,13948,2895,12859,3152,268438473
84,2536,13972,6536,11025,11127,268438473
408,4456,14524,7306,12442,19811,268438473
768,4648,16208,4632,13630,26019,268438473
108,4472,17572,631,13040,24534,268438473
-804,2820,18556,-2889,10168,15523,268438473
-1516,2564,18264,-4540,4631,3329,268438473
-1160,2324,16832,-4551,-297,-6419,268438473
-1328,2948,15696,-3271,-1941,-11089,268438473
-1932,3452,15188,-1386,-5166,-12725,268438473
-1936,2940,15608,-1087,-7964,-12382,268438473
-240,2292,15416,-955,-7565,-10810,268438473
-356,1464,14728,-88,-8795,-7180,268438473
1104,2260,15192,435,-8658,-5035,268438473
292,3748,16080,2269,-8460,-9719,268438473
1068,3468,16812,4466,-1041,-15360,268438473
464,4052,15612,4091,3280,-16800,268438473
-240,3684,15704,-142,-2431,-14739,268438473
1008,2048,15988,-3823,-5778,-10801,268438473
1984,1644,16072,-4886,-3381,-8442,268438473
1820,1508,15944,-3874,880,-5176,268438473
956,904,16768,-2397,5199,-3271,268438473
216,1404,16688,-3011,5511,-2266,268438473
-440,1072,16288,-4229,4430,-844,268438473
-1848,1292,16328,-5526,2076,1120,268438473
-2344,676,16896,-6895,2241,2908,268438473
-2212,420,16048,-7379,2584,3130,268438473
-2116,-640,14836,-5116,18,3459,268438473
-2044,-716,12996,-280,-5288,5727,268438473
-636,284,10052,8418,-13150,7102,268438473
-2316,-900,16456,11652,1452,6969,268438473
-1204,1668,16720,5770,-3486,6543,268438473
-1004,1564,17060,1754,-5321,5950,268438473
-880,2220,16712,-989,-4499,6076,268438473
-80,1336,17468,-1278,1002,6718,268438473
-580,2016,17748,54,10523,7031,268438473
-340,1312,16724,264,8424,6394,268438473
-536,2228,14516,739,4307,4721,268438473
88,2540,15364,1182,2575,5096,268438473
236,856,16580,1172,798,4878,268438473
-128,1020,16444,1369,-3634,4015,268438473
-1368,372,15112,-197,-9549,5154,268438473
1960,1428,13728,-719,-18534,7114,268438473
4564,836,16984,3476,-12179,7394,268438473
2340,3296,16012,6369,1525,6841,268438473
1396,3548,15964,4563,2540,8366,268438473
1372,3716,16624,3233,7055,8586,268438473
88,4640,18216,-770,7990,4301,268438473
-1244,3660,15296,-5579,-568,3266,268438473
2164,1756,15972,-7360,-2059,4355,268438473
3468,1720,15628,-6411,1421,7558,268438473
2844,-636,16140,-4773,5489,10350,268438473
40,-2328,16068,-1476,1101,9713,268438473
-1364,1112,14752,2088,-4452,6281,268438473
388,2200,15148,2206,-796,1632,268438473
3372,1900,16416,2212,327,1311,268438473
4652,2932,16092,-98,2491,6657,268438473
2860,2968,15764,-1426,4131,12652,268438473
1252,2868,15168,-1198,4054,15653,268438473
-588,2284,15444,1590,3846,17966,268438473
-372,-764,16840,2757,3671,19481,268438473
-1936,708,14696,740,8524,20776,268438473
-5320,1452,19032,-1689,4784,18122,268438473
-2104,108,17480,-3730,-1501,9388,268438473
-2176,-1096,17484,-6337,-3105,-9336,268438473
1896,296,14424,-5213,-2149,-20375,268438473
4984,2668,14616,-1244,-2665,-25064,268438473
15036,3048,14820,4570,-3249,-23917,268438473
11572,6964,15240,6765,8338,-3357,268438473
3740,5904,17716,1315,16270,19606,268438473
-7236,-868,18088,-1502,2047,32767,268438473
-7432,564,14816,-3046,-5093,32767,268438473
-7836,-2864,15528,-4213,4177,6055,268438473
-5768,-636,16460,-4058,2301,-7935,268438473
-1868,372,13552,-1189,-3340,-14400,268438473
2080,2232,13524,3296,-4360,-15660,268438473
3056,2192,15484,8465,-7508,-13067,268438473
2772,8808,14964,8794,9590,-7092,268438473
-1700,6556,17684,3935,6994,11881,268438473
-4228,488,19420,-512,-2062,15476,268438473
-3688,636,17244,-3479,-1313,5081,268438473
-3984,240,15388,-4661,411,-5044,268438473
-648,1300,14040,-2330,-420,-9597,268438473
932,1896,13964,1675,-2879,-9478,268438473
2472,2308,15148,4677,-6322,-6770,268438473
5028,9536,15416,3769,10903,-2810,268438473
-2840,5680,17792,918,4226,12849,268438473
-5116,880,17972,-1047,-1725,16281,268438473
-3996,392,16676,-3688,-237,4426,268438473
-4464,404,15256,-4068,-350,-5307,268438473
-1684,1240,14228,-1429,-2186,-8929,268438473
468,2404,14848,2282,-6816,-8740,268438473
2572,1976,15600,4504,-6611,-5821,268438473
31312,-2284,16860,4729,-253,-4601,268438473
2448,2628,19020,-768,3250,9991,268438473
-2568,2096,17296,-1854,-1603,19310,268438473
-3764,1208,16288,-3583,430,12152,268438473
-6368,-924,16164,-4981,3592,-4014,268438473
-2924,1396,14792,-3037,1438,-10935,268438473
224,1632,14764,823,-442,-12236,268438473
2444,2212,15840,4207,-9072,-11074,268438473
4232,2288,15056,5445,-6586,-6884,268438473
11336,11352,17284,1888,19470,-2048,268438473
-2296,5312,17824,-2824,3004,18288,268438473
-3808,604,16596,-2571,1868,21906,268438473
-4712,372,15048,-3772,4167,7013,268438473
-6644,208,16092,-2688,1791,-5098,268438473
-2492,1012,15152,-459,-2156,-10435,268438473
1008,2228,14432,2759,-3829,-11350,268438473
2940,2336,16064,5993,-9216,-9956,268438473
19756,4196,19248,5943,449,-7411,268438473
2116,2728,18936,-1672,5988,9438,268438473
-3164,3460,18352,-2588,1536,22791,268438473
-4988,932,15820,-4471,148,17274,268438473
-9624,-1464,16524,-4636,2311,-2360,268438473
-4372,516,14280,-2736,-502,-13540,268438473
-848,1860,14380,651,623,-17115,268438473
2176,3308,15080,5090,-7530,-14612,268438473
5288,2740,15264,6501,-10589,-10228,268438473
4672,12060,15660,-879,12961,-1514,268438473
-948,6660,17616,-2303,1845,21239,268438473
-4304,376,15088,-4151,3606,25747,268438473
-6744,-316,15880,-4072,5981,11307,268438473
-8776,-848,16396,-3138,2616,-2720,268438473
-5116,712,15244,-738,-2385,-9773,268438473
-1296,796,14388,2611,-5673,-12347,268438473
2124,1988,14656,6624,-8169,-12506,268438473
4876,3364,14824,8020,-7017,-11193,268438473
13412,6588,18704,3496,14813,-6183,268438473
260,6344,19184,-2374,4247,13457,268438473
-4232,108,16564,-4606,1891,20632,268438473
-4232,1116,15076,-5383,4263,13342,268438473
-8716,-1052,16664,-4483,4302,-2543,268438473
-4220,576,14844,-1313,-2809,-9799,268438473
0,1116,14080,1975,-3773,-12668,268438473
2716,2740,15200,6124,-8397,-12251,268438473
4880,3024,15372,7515,-8007,-9990,268438473
2620,9796,14820,119,12322,-1103,268438473
-1736,6984,18764,-1921,2792,19020,268438473
-6056,24,15780,-5281,1300,24450,268438473
-7516,-384,15708,-5380,5709,7774,268438473
-8512,-448,16044,-3933,1414,-6505,268438473
-3256,656,14192,-446,-3419,-13022,268438473
532,1696,13724,3332,-4448,-13919,268438473
3224,2716,15184,7654,-9178,-11859,268438473
5760,3540,16424,7274,-6349,-8490,268438473
2336,6836,16976,-1215,10704,1810,268438473
-1300,5808,17792,-2959,1298,18973,268438473
-5784,-100,15748,-5970,2806,20946,268438473
-6952,-272,14912,-5285,6124,4469,268438473
-7004,192,15660,-2864,-267,-5714,268438473
-2904,1136,14372,448,-3944,-9820,268438473
556,1364,14608,4032,-5470,-10441,268438473
3056,2640,15344,6975,-8217,-9287,268438473
4916,3548,16748,5215,-3122,-6249,268438473
5360,10880,16504,-1313,16983,-342,268438473
-1860,6240,17572,-3195,199,16956,268438473
-4668,104,15104,-4780,2938,20095,268438473
-7332,-608,15972,-4179,6385,5547,268438473
-8180,56,16428,-2605,283,-6803,268438473
-2864,1076,14252,227,-4019,-12105,268438473
756,2460,13916,3092,-2827,-12691,268438473
2684,2984,15112,6645,-5718,-9400,268438473
4776,3848,16612,5674,-3571,-3920,268438473
4808,5836,17164,-2601,10746,4043,268438473
-1900,4560,18184,-4897,1291,20629,268438473
-4948,1184,15136,-6441,1044,22017,268438473
-10056,-2532,15412,-4959,5099,5176,268438473
-8768,-524,15436,-2140,425,-8956,268438473
-3632,996,14028,2196,-5475,-13756,268438473
540,1480,14348,6053,-7820,-13665,268438473
3896,2624,15232,9305,-10351,-11273,268438473
9040,8196,14920,4204,10798,-6523,268438473
268,6908,20260,-1706,6596,13883,268438473
-3424,3304,16616,-5017,-1796,21582,268438473
-4680,1180,14976,-5901,1759,14550,268438473
-8948,-1100,15472,-4178,2749,-2093,268438473
-5784,1032,15000,-274,-4698,-9800,268438473
-976,1228,14248,2947,-6952,-12769,268438473
2740,2312,14708,5888,-7215,-13026,268438473
9452,3576,15772,5573,2388,-10433,268438473
5924,5672,19984,-1094,7628,4480,268438473
120,4236,17392,-4655,2027,14823,268438473
-4856,408,15276,-4965,2441,15492,268438473
-8128,112,15208,-3491,2642,5384,268438473
-7660,132,15700,-1408,-2750,-4710,268438473
-2616,976,15008,1345,-6343,-10311,268438473
1688,1696,14584,4226,-7184,-12146,268438473
4360,3204,14820,6485,-6008,-10755,268438473
8512,7360,15692,2052,10734,-5280,268438473
1296,6256,19164,-2222,7377,13138,268438473
-3420,128,16224,-5011,-1025,21452,268438473
-5176,392,15100,-4629,2951,11440,268438473
-8948,-700,16060,-2797,1289,-3745,268438473
-3960,1020,14588,413,-4728,-10755,268438473
1028,2648,13684,2984,-3837,-12959,268438473
5268,3224,15576,5784,-4739,-12378,268438473
13700,8684,15708,3535,12515,-8384,268438473
676,6876,20360,-3559,8304,16455,268438473
-3912,4812,16968,-7759,-1120,29454,268438473
-8668,-1100,15308,-8159,604,18041,268438473
-10156,-1908,15116,-4627,-2185,222,268438473
-4380,-100,14404,812,-8455,-9160,268438473
2224,1404,14712,4358,-10226,-9535,268438473
5860,2712,15640,6091,-12309,-5768,268438473
3976,2312,15448,5721,-6751,104,268438473
-828,3276,16832,1498,100,7005,268438473
-4296,1964,18404,-1612,-5404,8625,268438473
-4056,1992,17140,-5349,-4211,4094,268438473
-1588,1756,14952,-6073,-4949,-4864,268438473
388,92,13224,-3714,-2911,-12635,268438473
3512,560,12732,1882,35,-18461,268438473
7932,1268,13044,8088,1750,-20861,268438473
21660,272,16068,10230,8472,-19115,268438473
11152,7848,21008,4200,12427,632,268438473
3304,8516,19564,-4141,5896,20554,268438473
-5388,2328,15848,-7408,1180,26852,268438473
-9164,584,14592,-9078,6982,15989,268438473
-10612,-1232,17016,-8307,2210,-799,268438473
-5444,-512,13848,-3367,-5223,-13093,268438473
432,964,12536,2139,-3737,-20218,268438473
9628,1596,13204,8803,144,-21188,268438473
11760,5820,17460,9530,4737,-9219,268438473
6484,5888,21752,-360,5901,10814,268438473
-3996,3900,17424,-6169,-854,22073,268438473
-9476,1824,13992,-8135,1454,17708,268438473
-11040,-1332,16268,-6241,-2963,2566,268438473
-4824,-1108,13440,-1263,-8678,-11178,268438473
4664,-840,12784,2952,-1800,-19787,268438473
11900,2200,14716,7701,4601,-16978,268438473
11972,2352,20068,6972,4795,-2789,268438473
2064,7276,19608,-396,4079,16912,268438473
-8592,4244,17132,-4257,-1446,22992,268438473
-11380,516,16340,-7019,495,10380,268438473
-8120,-1444,15332,-4909,-4075,-6228,268438473
284,-1224,13100,-245,-2648,-18388,268438473
9180,2224,13348,5070,1785,-18388,268438473
10060,3572,16024,8386,2098,-6386,268438473
4632,5432,19592,2531,2839,10025,268438473
-5180,4336,18172,-2643,-1178,17283,268438473
-8320,1188,16320,-6513,1645,8771,268438473
-6612,-1008,15156,-4432,-4031,-3978,268438473
-956,-320,13416,-170,-3936,-12549,268438473
6972,1216,14680,3821,745,-14450,268438473
9428,5188,17544,5912,1302,-8007,268438473
5608,4644,18376,571,3780,6481,268438473
-3336,4460,16932,-2321,-642,16024,268438473
-6972,2560,16040,-4010,-1067,12552,268438473
-6852,-56,16164,-3701,-3401,1402,268438473
-880,-488,14568,-1122,-4711,-9346,268438473
5496,360,13752,2306,1498,-13812,268438473
7440,3032,15504,4922,5257,-7084,268438473
3604,4200,18796,1568,4574,5395,268438473
-4344,2728,18068,-2448,-1505,11841,268438473
-5688,1148,16084,-4165,-2913,6929,268438473
-2676,-16,16288,-2052,-5867,-3245,268438473
2768,1616,14748,1411,-7365,-7931,268438473
4748,2888,15680,4513,-10115,-5459,268438473
6308,3128,16428,6375,-15902,-1170,268438473
5944,2296,16520,4380,-16633,1220,268438473
6352,2100,15692,2039,-17690,3065,268438473
7020,3208,15780,1901,-18134,2031,268438473
4616,2680,14608,3457,-22583,-1742,268438473
5168,1076,13380,4291,-24866,-4287,268438473
6676,944,14068,2150,-19367,-6948,268438473
8672,1208,15592,-4226,-10450,-3515,268438473
9888,4684,14356,-5120,-16032,4723,268438473
9764,2824,13044,-3544,-17648,10398,268438473
8480,1720,12028,-1668,-23753,14994,268438473
9740,852,10964,-1187,-18653,10538,268438473
9080,1096,12504,871,-15788,2954,268438473
9756,2316,13336,1421,-19373,-2576,268438473
11856,2372,12532,-1540,-18853,-6758,268438473
12312,3168,10216,-5221,-13187,-11109,268438473
12540,2288,10700,-6095,-6654,-13482,268438473
13504,1832,9248,-3089,-4190,-10048,268438473
14248,2564,9556,-131,125,-5968,268438473
14636,3500,10128,460,8067,-4631,268438473
13280,3872,9636,-1788,18174,-6463,268438473
12040,4116,10264,-4695,28616,-9593,268438473
12928,5244,13664,-2571,26023,-13841,268438473
11272,5340,11700,-5323,32767,-14937,268438473
9288,4772,14728,-9626,32767,-12187,268438473
7676,4544,16620,-13625,32767,-10856,268438473
5812,3896,16388,-17410,28389,-9636,268438473
4648,2220,14144,-18604,24479,-7536,268438473
3368,624,13096,-17768,29088,-4737,268438473
1208,192,13132,-14745,31343,-3536,268438473
-1004,-588,15424,-12095,28868,-2155,268438473
-2848,-1024,15928,-12565,24313,-32,268438473
-2976,-1900,15024,-14041,25300,1379,268438473
-7104,-672,17884,-14524,18291,3179,268438473
-5964,-2228,15376,-12766,8864,5216,268438473
-7480,-3456,13664,-10826,4767,6493,268438473
-7964,-3244,13140,-8511,5252,5858,268438473
-8232,-3088,13660,-5797,8149,3027,268438473
-8632,-3820,13228,-3040,1604,1579,268438473
-8196,-4284,12976,88,-7672,790,268438473
-7352,-3608,12644,3735,-14558,1050,268438473
-5280,-3812,12668,7376,-22694,2255,268438473
-4180,-3316,13200,13096,-32768,4882,268438473
-1104,-1200,14020,19863,-32768,5821,268438473
1060,296,14952,23575,-32768,6623,268438473
2068,696,17456,21540,-25659,8421,268438473
2304,1384,19780,13519,-22935,11045,268438473
3136,3612,19716,4412,-21924,10273,268438473
2828,1888,17440,-1790,-23069,7783,268438473
3324,1636,14412,-3772,-28783,5589,268438473
5116,44,13064,-2722,-32768,1915,268438473
6388,868,12080,442,-32768,-2941,268438473
7944,1716,11376,1889,-32768,-8257,268438473
10600,2512,11204,849,-32768,-12088,268438473
11776,2520,10196,-318,-29350,-13588,268438473
12272,3788,10492,-1724,-18274,-13636,268438473
14472,3976,8732,-2272,-10396,-13753,268438473
14116,4556,8344,-906,-1308,-14037,268438473
16624,5368,7568,51,9333,-13361,268438473
16780,4952,9548,615,14453,-6955,268438473
14792,5948,10588,-918,14601,-1852,268438473
12340,6248,11184,-2545,19095,-817,268438473
10332,6648,10996,-3747,19899,-1853,268438473
9920,5932,10912,-2500,20351,-3893,268438473
10232,5852,10720,736,20282,-6156,268438473
9580,6028,12540,3188,19541,-7167,268438473
8708,5272,13536,2315,18798,-6575,268438473
6816,5484,14460,558,19048,-6343,268438473
6160,6080,14312,-1674,18808,-6010,268438473
5312,5840,14536,-1344,20421,-6577,268438473
3176,6812,13748,463,19487,-6485,268438473
2596,4696,15612,-306,16626,-5365,268438473
1024,5716,14880,-60,19182,-4120,268438473
276,6220,17332,293,20939,-2971,268438473
-312,5756,15528,323,19685,-3028,268438473
-2100,6264,12456,3191,26588,-1672,268438473
-4028,6024,12320,4646,20413,-2102,268438473
-4648,5908,13268,5419,16153,-3089,268438473
-5096,6188,14264,3831,10853,-2404,268438473
-5796,5276,14832,-1380,3744,-474,268438473
-6572,5704,13768,-4446,4106,32,268438473
-6152,7592,12264,-4227,4001,-34,268438473
-6900,8296,13056,-1251,3132,-788,268438473
-6908,7136,13828,-563,2954,-1131,268438473
-7872,6120,14292,-1164,1633,1205,268438473
-7028,5724,12972,-2096,483,1240,268438473
-6340,5016,12180,-852,1909,-956,268438473
-5876,5012,12088,1269,2976,-1127,268438473
-5016,5700,11952,4634,3219,891,268438473
-6296,6380,11488,7589,4990,2672,268438473
-6080,6988,11608,11803,5768,4055,268438473
-7152,8964,12672,13787,9008,4945,268438473
-7696,9172,12688,14153,7864,4208,268438473
-8912,9728,12440,13372,1649,16,268438473
-8520,11428,12224,10461,185,-3439,268438473
-8220,11504,10788,7115,1274,-3088,268438473
-6164,11636,10288,3690,2496,-3367,268438473
-6596,9304,9532,383,3090,-3987,268438473
-6624,8588,9828,-1527,649,-2255,268438473
-6808,7484,8716,-3094,-764,-273,268438473
-6760,6536,6864,-2012,109,-3335,268438473
-6036,7692,4404,3404,5898,-5700,268438473
-6952,9628,3944,12878,9845,-2076,268438473
-10064,11324,7560,17795,8317,2086,268438473
-13312,12412,10888,14511,2820,2081,268438473
-14544,13608,12932,6789,-2477,-316,268438473
-12016,11320,12084,-3458,-3911,-3145,268438473
-8744,8272,9064,-7054,-3965,-3563,268438473
-7592,8664,8748,-8170,-5308,-1754,268438473
-8048,9748,8128,-8725,-7745,750,268438473
-7224,8180,4884,-7812,-9190,1967,268438473
-7616,9820,2632,-155,305,2687,268438473
-9000,10188,3344,9140,6548,2736,268438473
-9712,11604,8468,12353,8417,2247,268438473
-10408,12032,11648,8788,4506,-422,268438473
-10104,11644,13012,1304,1224,-2939,268438473
-8140,10600,9096,-3636,511,-3615,268438473
-8344,9320,8768,-3926,-393,-3566,268438473
-9196,9808,8340,-3930,-1506,-3327,268438473
-9356,10380,6844,-3364,-2186,-3276,268438473
-9336,9692,4500,490,3993,-3733,268438473
-9884,10432,4784,4936,8052,-3393,268438473
-11392,9972,7268,6461,7509,-2263,268438473
-11964,10252,9964,2161,3902,-3108,268438473
-11816,8880,9788,-4817,140,-3406,268438473
-10920,8308,8648,-10848,-2294,-4895,268438473
-11084,6832,8408,-15869,-1760,-5964,268438473
-10884,8148,7252,-20277,-5495,-4483,268438473
-10492,8996,8880,-23932,-6462,-255,268438473
-10552,7576,8920,-26661,-6478,3137,268438473
-10628,5316,9500,-28240,-4409,3762,268438473
-10108,4068,10176,-27031,-5849,1518,268438473
-10784,464,10244,-24029,-11227,1034,268438473
-8340,2352,11132,-22020,-16328,4788,268438473
-6848,1296,10208,-19533,-20645,7716,268438473
-6804,1216,10996,-13931,-24835,9267,268438473
-6832,1608,13048,-8545,-26911,9474,268438473
-6156,2288,15664,-4162,-27269,8413,268438473
-4048,1856,17084,-3787,-26268,6806,268438473
-1404,1304,15912,-4877,-24243,3739,268438473
-232,504,16252,-3863,-21774,1398,268438473
1120,256,17052,-4051,-21337,971,268438473
3036,1216,16952,-3359,-18353,-168,268438473
3804,488,17308,-1865,-8877,-1363,268438473
3728,368,18096,-3806,2104,-2494,268438473
3224,696,16916,-8703,14611,-4996,268438473
6496,1328,17004,-12562,29494,-7847,268438473
1404,140,16944,-14051,32767,-5762,268438473
-2096,-1992,16668,-13206,32767,-4918,268438473
-2432,-3696,15468,-13563,32767,-3418,268438473
-7308,-5264,16380,-10657,20196,-56,268438473
-9360,-6200,10992,-5110,4760,2805,268438473
-9420,-5152,9044,1055,-4957,1903,268438473
-8364,-5208,9788,5863,-12178,1263,268438473
-6608,-3948,11440,8630,-22300,2520,268438473
-4980,-3404,13500,11307,-25983,3076,268438473
-2636,-984,16780,15728,-21180,813,268438473
-1132,856,20068,15652,-8793,-4162,268438473
-376,3592,17864,9783,-2092,-6791,268438473
-28,2084,17224,3090,-4715,-9213,268438473
4448,1160,15556,-498,-1713,-5959,268438473
572,-1460,15080,-2371,-1477,3152,268438473
-3096,20,13904,-6283,-1786,5962,268438473
-7012,-3928,13668,-6726,-11466,7171,268438473
-6832,-1972,12980,-4126,-18567,6891,268438473
-5224,-3200,14908,-781,-21527,5129,268438473
-1676,-1068,16144,2318,-21682,-157,268438473
396,-1060,15808,3595,-18548,-5542,268438473
1428,-496,16416,2669,-13148,-6993,268438473
3792,-160,16112,1479,-9580,-4999,268438473
4940,-1632,14088,1385,-4373,-159,268438473
5988,36,13256,2206,6544,6810,268438473
6096,224,15732,4727,9438,14185,268438473
4644,2116,18108,4740,10170,21795,268438473
2792,1312,20792,5079,6293,28909,268438473
2576,3712,18624,1070,10953,31147,268438473
3488,-128,17460,-3473,19810,29706,268438473
-148,-5728,14448,-3599,19737,28483,268438473
-3420,-352,15304,629,7863,26287,268438473
-8048,-4052,16184,3975,-3959,17259,268438473
-8464,-3444,18592,2717,-7744,1381,268438473
-5536,-4284,17844,-1316,-9504,-18498,268438473
-844,-1860,13456,-1802,-8668,-30376,268438473
5512,1596,8768,2024,-3532,-32768,268438473
11776,3484,10684,9029,2250,-32768,268438473
18024,5156,16200,11046,3030,-21147,268438473
16304,5392,19000,7606,3564,-2556,268438473
10844,8008,17696,-311,9296,19855,268438473
-2036,5928,17704,-6848,7486,32767,268438473
-10260,364,17272,-7082,5292,32767,268438473
-12652,3760,16760,-7946,6599,29931,268438473
-15520,-3176,17904,-11380,4891,10136,268438473
-13184,-3196,15208,-10669,251,-8557,268438473
-8236,-2800,11856,-4630,-3924,-22845,268438473
-2276,-2208,11992,3888,-6837,-30617,268438473
3892,1576,12700,12064,-11057,-32768,268438473
10708,3384,14660,14612,-5498,-29691,268438473
11764,5152,17232,14364,-5858,-19778,268438473
11408,4544,18120,10042,-6798,-4522,268438473
8564,3996,18924,3651,-4963,5748,268438473
3792,2916,18000,-608,-5687,9636,268438473
-716,1328,18588,-149,-10364,8122,268438473
136,608,15264,-83,-13256,2319,268438473
156,512,15476,-2661,-10502,-4673,268438473
724,1092,15324,-2634,-10063,-10287,268438473
1284,1312,15296,-2279,-6040,-14026,268438473
3972,2220,14540,-3799,-1318,-16258,268438473
5404,4024,14744,-4757,3059,-15229,268438473
6904,1932,17624,-2819,3204,-8521,268438473
7004,2888,16416,-1722,4571,-4105,268438473
-72,-8128,14748,-3624,11517,-955,268438473
-2088,-1860,14636,-1568,5266,-6194,268438473
2828,1744,12360,1437,-1410,-9323,268438473
5040,3532,15716,-413,2039,-7705,268438473
4480,1768,20060,-4360,2066,-6331,268438473
4628,-44,19068,-8202,-415,-7280,268438473
2868,1584,17348,-5602,9159,-7478,268438473
1852,212,15212,-3131,9577,-5806,268438473
2068,160,14564,-1947,3582,-4559,268438473
672,984,15440,-163,6676,-7047,268438473
1744,1248,17184,1213,6515,-11039,268438473
2760,772,16724,4282,11806,-14964,268438473
136,1880,15488,6646,16470,-18368,268438473
-1752,2620,15516,8041,15154,-22473,268438473
-1224,2372,17172,9223,6723,-22419,268438473
-3592,268,16740,8550,4717,-17934,268438473
-6916,-956,14820,3103,166,-8913,268438473
-7380,-1464,14032,-96,-5602,414,268438473
-6556,-2376,13412,724,-11660,7499,268438473
-6108,-2348,11736,3652,-17195,14411,268438473
3216,1244,15452,7242,-16459,20499,268438473
1200,3296,18372,3043,-11130,24755,268438473
-644,3436,19336,-4184,-16404,20028,268438473
2644,2012,18588,-7475,-9196,15475,268438473
2128,412,15576,-7127,-6568,14857,268438473
4156,352,14416,-3822,-2827,16603,268438473
4180,484,15784,-2165,-1358,17936,268438473
2260,1232,16608,-1056,317,14490,268438473
1148,1196,18144,-163,2816,7989,268438473
1632,960,16300,-1008,9604,5446,268438473
1188,3356,14332,-780,18713,11468,268438473
580,3864,14996,-1725,29175,21664,268438473
5740,-5152,15972,-5419,28748,23358,268438473
-3988,-6920,16196,-5632,25956,8123,268438473
-5784,-2072,15300,-5273,24036,-375,268438473
-3824,-1416,15460,-5990,28860,-4727,268438473
-5268,1184,15776,-8228,32767,-6779,268438473
-6436,-412,16184,-9268,32767,-2473,268438473
-7792,-1540,16300,-8529,29543,1911,268438473
-9248,-812,15536,-9305,22049,6159,268438473
-9732,-1288,18792,-5027,973,8516,268438473
-7352,-1928,12464,475,-11760,4868,268438473
-9020,-3960,14784,-483,-25567,1256,268438473
-7016,-2392,11444,-3849,-32768,3005,268438473
-5120,-1916,4148,-5960,-14960,4238,268438473
-9952,-2904,8820,-6278,32767,463,268438473
-13872,316,13100,10299,26674,-61,268438473
-11840,-2140,13284,9008,12229,-3228,268438473
-11736,-1528,13404,1879,7856,-3184,268438473
-11064,-1148,11996,-425,3058,-1803,268438473
-11908,-992,15064,-895,-4644,296,268438473
-9856,-1968,17172,-724,-26479,2797,268438473
-7688,-212,12532,-5064,-32768,8346,268438473
-7200,-688,9396,-6110,-31890,11901,268438473
-7720,-3496,4604,-4950,9425,7865,268438473
-14468,-2644,9752,4814,29282,-1848,268438473
-12868,-560,13884,13838,22660,-8729,268438473
-9280,-32,17320,9152,15817,-8820,268438473
-7900,-668,19348,3273,-4962,-3724,268438473
-5464,-544,16092,-3855,-22826,4093,268438473
-7216,-276,12292,-8119,-22199,8855,268438473
-9756,-1996,3064,-13367,24076,3455,268438473
-16552,-2116,8916,-145,32767,-4908,268438473
-13008,-1304,14628,11160,17376,-7129,268438473
-7936,-1176,16420,4852,-9552,-761,268438473
-8020,264,11940,-4656,-27555,7275,268438473
-8836,-1504,7856,-5165,-25666,9938,268438473
-12632,-3928,6920,-3492,21164,603,268438473
-13804,-948,15092,9220,11924,-6727,268438473
-7332,-512,19020,7137,-12111,-4993,268438473
-5392,-264,17196,-2346,-32768,2110,268438473
-7068,-384,13704,-5220,-32768,8770,268438473
-4788,-1948,12524,-5672,-32768,8342,268438473
-3976,-3424,14264,-1415,-32768,1823,268438473
72,-3160,15820,2196,-30215,-6423,268438473
2768,-2140,16744,8879,-32768,-12873,268438473
2348,-780,13456,12617,-32768,-17421,268438473
5812,3820,9868,8241,-32768,-21572,268438473
10544,620,11724,6162,-32768,-22738,268438473
11408,4264,10892,8682,-32768,-22101,268438473
12480,5980,11412,7961,-28539,-16950,268438473
14180,5688,10508,6822,-29363,-10147,268438473
14568,4896,10440,3232,-24720,-3120,268438473
16888,4776,11088,92,-19630,1104,268438473
15948,3020,11232,-2565,-19092,1847,268438473
14244,3804,8132,-1429,-20911,2127,268438473
14004,3228,6668,408,-17569,1935,268438473
14680,3780,5368,2209,-13508,216,268438473
14040,4116,4000,134,-8548,-426,268438473
15572,4268,3708,-2379,-4190,-1154,268438473
15832,4504,3544,-4166,5404,-595,268438473
14528,3416,5420,-8049,25264,-1719,268438473
13008,4356,5652,-15652,32767,-4218,268438473
13116,2504,13188,-18145,32767,-3459,268438473
10476,3660,16500,-18667,32767,-5834,268438473
8556,4108,13912,-19443,31705,-5138,268438473
9284,3292,12940,-9823,-17632,1935,268438473
11944,112,3328,2641,-32663,6416,268438473
10924,1228,140,9395,5654,2297,268438473
8676,1448,13244,7968,32767,-2744,268438473
-2444,3800,27296,12395,32767,1486,268438473
1824,6120,23268,5384,-8313,-2630,268438473
6652,2184,13692,588,-32768,3834,268438473
9628,3460,4740,-2955,-25176,3499,268438473
9980,2792,12004,-9200,32767,-3846,268438473
2992,3676,22972,-2337,32767,-5774,268438473
1476,5532,23276,-4263,-7478,-3764,268438473
8272,1064,9664,-1976,-32768,691,268438473
8312,-808,5628,5664,-21681,5035,268438473
9016,2168,6240,2295,25301,1310,268438473
2560,5240,22020,-1002,32767,-5284,268438473
196,6792,26800,-4810,1988,-4472,268438473
5364,3340,13736,-3577,-32768,-1143,268438473
8164,-964,8160,3544,-32768,1585,268438473
11704,1020,224,4321,2998,3099,268438473
5204,2840,16816,785,32767,-2095,268438473
-3032,7200,29436,-2134,31409,-3738,268438473
2280,4004,20188,-864,-31019,42,268438473
6368,412,9764,1348,-30539,3422,268438473
7756,-1112,5292,4784,-10741,4576,268438473
4816,3364,14300,-3369,32767,-948,268438473
-3144,4808,25564,-4342,26819,-3034,268438473
908,3872,20128,-1608,-24174,-1950,268438473
5876,2140,11884,5221,-30554,793,268438473
6884,-152,8172,11139,-20999,3510,268438473
7312,3728,11036,-2514,32767,-1785,268438473
-1788,2644,24640,-6549,26635,-3625,268438473
600,4224,21664,-6668,-12504,-4321,268438473
5192,1200,12332,1428,-31836,-2495,268438473
5284,76,7420,7842,-18879,-771,268438473
8836,608,3676,-2593,32767,932,268438473
-7748,-288,27616,-11318,32767,-833,268438473
-5276,8736,28396,-3837,-3495,103,268438473
1832,5464,16900,5080,-32733,1742,268438473
3956,2552,13708,9884,-29308,5149,268438473
7984,-1264,5120,2983,-2910,4791,268438473
504,-332,16960,-8318,32767,-3076,268438473
-2684,4240,22340,-2283,12520,-4653,268438473
1948,4568,17920,3645,-17140,-3934,268438473
3684,3528,14444,9206,-23527,1776,268438473
4440,1404,10424,7519,-15715,3296,268438473
4776,112,9716,-5936,32767,-1343,268438473
-1832,4404,20388,-8061,27760,-4549,268438473
-776,5324,19588,-6783,10374,-5957,268438473
392,3508,17584,-1927,-3453,-3266,268438473
1844,3020,15792,3642,-3593,1274,268438473
1528,3356,14984,5098,3634,3776,268438473
1244,2564,13996,125,15813,1710,268438473
-528,2272,15508,-3387,23031,-1099,268438473
-1368,2164,14572,-5807,28215,-4134,268438473
-5772,52,14160,-6812,32579,-5373,268438473
-9368,-1052,15920,-3851,32303,-4276,268438473
-9796,544,15928,507,22388,-4226,268438473
-8948,1756,15108,3743,13512,-2979,268438473
-7220,2176,14436,3915,11160,-1730,268438473
-8680,1896,13132,1217,10132,-2572,268438473
-9772,756,12096,-889,9442,-3618,268438473
-8700,1396,11044,-2204,11600,-4379,268438473
-9960,500,11144,-882,12041,-3822,268438473
-9856,784,11316,1773,5418,-2426,268438473
-10644,1328,11288,2476,4963,-2768,268438473
-11628,528,12020,1762,3832,-3364,268438473
-11724,1152,11536,-411,7605,-5260,268438473
-13596,1944,9768,-396,13876,-7598,268438473
-11248,840,8372,-370,19075,-6653,268438473
-12356,-2336,8196,873,18821,-4085,268438473
-12380,-2128,7492,4215,15572,-1274,268438473
-13208,-1552,8024,6400,13571,474,268438473
-14568,-996,5496,5540,14799,1630,268438473
-14292,0,4712,3766,13160,1957,268438473
-14656,276,5296,2068,10971,863,268438473
-14920,1216,4780,1101,10386,73,268438473
-14420,1136,3960,-144,13317,-1592,268438473
-15732,-224,2512,-838,13557,-2453,268438473
-16224,504,1492,-936,13263,-1591,268438473
-16184,396,1460,-270,12699,-1892,268438473
-16152,-404,916,967,13391,-2407,268438473
-15616,-88,-352,470,14172,-1839,268438473
-15428,-24,-1296,-50,14542,-1921,268438473
-15608,-372,-1696,791,11131,-2285,268438473
-16368,-776,-2192,1401,6000,-1758,268438473
-15888,-476,-2296,1620,2775,-1111,268438473
-15160,-672,-2304,1649,1353,-601,268438473
-16300,-1008,-1512,2018,-1594,-884,268438473
-16856,-728,-1648,2287,-5681,-1029,268438473
-15324,-908,-1520,2394,-8561,-627,268438473
-15636,-1308,-176,3247,-9864,-356,268438473
-16032,-1120,356,4379,-11373,-41,268438473
-15084,-712,-424,3939,-16596,-761,268438473
-16384,-500,1264,-1572,-23316,-3715,268438473
-15880,-1128,1540,-2716,-22552,-3670,268438473
-15704,-3116,1932,-1612,-23348,-3715,268438473
-11972,1212,4132,206,-21399,-1703,268438473
-13692,-1660,5496,2622,-19733,-3623,268438473
-14080,-824,6188,4888,-27083,-5059,268438473
-13272,-1608,8500,6441,-17433,-6045,268438473
-13032,-2036,10008,5477,-13116,-4181,268438473
-12372,-1748,10256,3793,-11987,-3987,268438473
-11772,-1960,10432,2665,-10629,-5330,268438473
-12184,-1872,10764,2398,-9717,-5774,268438473
-11096,-2736,10920,4099,-8117,-5441,268438473
-10132,-2572,11180,6068,-7471,-5081,268438473
-10344,-2320,11680,6122,-6730,-4835,268438473
-10404,-2076,11964,4543,-5189,-6135,268438473
-10044,-1896,12452,2968,-4310,-8625,268438473
-10036,-2156,12972,2271,-3821,-9464,268438473
-11556,-1740,13320,3900,-10139,-7704,268438473
-10028,-2684,15404,6517,-18894,-8640,268438473
-7192,-2640,12096,5320,-10925,-7643,268438473
-7404,-3508,12824,1206,-7429,-6287,268438473
-6592,-3196,13936,-95,-6530,-5679,268438473
-6512,-3356,14880,-714,-5825,-5061,268438473
-6992,-3260,14744,-1648,-4293,-3950,268438473
-6776,-3176,13984,-2830,-4116,-3605,268438473
-6556,-3764,13756,-3182,-3951,-3582,268438473
-5768,-4164,14000,-2790,-2790,-2997,268438473
-5824,-4080,14032,-1969,-1818,-2429,268438473
-5452,-4132,14420,-1782,-4244,-2837,268438473
-5324,-4264,14364,-1786,-6141,-2976,268438473
-5344,-3988,14016,-2241,-7621,-3269,268438473
-4380,-4448,13780,-1930,-8243,-3654,268438473
-3636,-4972,13760,-108,-8864,-3301,268438473
-3376,-4844,14464,1268,-9728,-2675,268438473
-2976,-4736,14792,1441,-10915,-2417,268438473
-2648,-4736,15472,1146,-11701,-2598,268438473
-2040,-4896,15448,1507,-11858,-3120,268438473
-1492,-4760,15628,3186,-12159,-3664,268438473
-288,-4308,15968,4955,-11107,-3385,268438473
76,-3848,16252,5776,-9793,-3578,268438473
860,-3472,15492,5484,-10203,-4139,268438473
1744,-3100,15496,5655,-8964,-4508,268438473
4248,-2748,16212,5458,-6787,-3886,268438473
2332,-1796,16024,5012,-4425,-2848,268438473
2572,-2256,16136,4333,-5100,-3313,268438473
2700,-2444,15768,4722,-4387,-3307,268438473
1924,-2188,15692,5102,-3340,-3348,268438473
2260,-1700,15960,3785,-4529,-3802,268438473
3088,-1580,15612,2292,-6097,-4054,268438473
4200,-1080,15700,3649,-1600,-3875,268438473
3636,-1128,15944,2379,-4103,-3396,268438473
4116,-1248,15676,1009,-4522,-3295,268438473
3928,-876,15332,195,-3278,-3320,268438473
3880,-1292,15756,-378,-2613,-3841,268438473
4172,-968,15296,-890,-1626,-4423,268438473
5300,-1280,15692,-1231,-1348,-5177,268438473
4908,256,16376,-702,-742,-6233,268438473
5256,-24,16072,273,-2306,-5838,268438473
4824,-568,15648,321,-2749,-6461,268438473
4568,-704,15672,331,-3286,-6254,268438473
5052,-200,15740,1036,-2496,-6075,268438473
5084,-16,15800,2584,-1887,-6105,268438473
5224,96,15716,3518,-2895,-6950,268438473
5512,700,15424,3283,-3781,-7703,268438473
5896,984,15504,2836,-4113,-8401,268438473
5908,1268,15512,2564,-4191,-9597,268438473
5892,1200,16024,2351,-4507,-10368,268438473
6180,780,15680,2140,-5930,-10903,268438473
5536,1044,15436,2597,-4687,-10586,268438473
6016,688,14868,2223,-3716,-9502,268438473
5820,1416,14852,1760,-1604,-9102,268438473
6256,2092,15168,1418,-614,-8822,268438473
6100,1420,15072,1068,-1952,-9134,268438473
6688,1400,14500,959,-3169,-8245,268438473
6268,2584,14892,1221,-1781,-7256,268438473
6772,3764,14948,1230,549,-7446,268438473
7064,2932,14532,326,-2054,-6765,268438473
6244,3316,14924,152,-1199,-6056,268438473
5888,3004,15220,151,-674,-4327,268438473
6332,2664,14904,329,-93,-1321,268438473
6232,2476,14912,705,387,1778,268438473
6240,2976,14536,644,-139,4130,268438473
7140,2652,14172,1513,638,7448,268438473
6508,2064,14932,2379,3278,11719,268438473
5552,2024,15776,2417,6513,15054,268438473
5604,2224,15912,2830,10618,17209,268438473
5208,2696,15408,3491,15469,18048,268438473
4680,3832,15588,3208,16565,18580,268438473
4824,5084,15512,1708,14093,20185,268438473
3856,3580,16112,-289,13655,21035,268438473
2888,4196,15000,-2525,11245,19131,268438473
2112,1744,14932,-3464,7499,13171,268438473
3732,1616,15204,-3462,6139,10964,268438473
2628,1192,15200,-3079,7594,10648,268438473
1816,1344,15872,-2499,8416,10596,268438473
1136,1676,16620,-2298,6593,10353,268438473
1804,1360,16916,-2587,4635,10164,268438473
372,1404,15660,-3858,-1875,11697,268438473
-920,1260,14864,-6706,-12956,16553,268438473
-832,392,14304,-9200,-26460,24965,268438473
8384,-344,18304,-4339,-12302,21294,268438473
5368,-1308,16832,2858,10574,16699,268438473
1860,-3452,15568,2420,9835,16716,268438473
4352,-1336,14916,-348,-892,12475,268438473
4420,-912,16672,-112,-3804,7077,268438473
4508,-1556,17152,2214,524,5608,268438473
3940,-944,16560,2419,2600,4592,268438473
3124,-840,16312,2045,3207,4599,268438473
3436,-492,15612,1969,2724,5008,268438473
3200,-820,14868,924,2538,5855,268438473
2896,-1136,14788,-359,2744,6083,268438473
1984,-1384,16092,-503,2562,6818,268438473
1204,-720,16944,-33,1676,8519,268438473
1468,-128,16028,-245,1195,10380,268438473
1712,-872,16320,-591,563,11352,268438473
1508,-1296,16292,-953,684,11790,268438473
1500,-1052,16236,-1837,526,11850,268438473
1480,-1820,16460,-2731,733,11391,268438473
2516,-1296,15872,-3242,252,10873,268438473
2072,-2108,16700,-3079,561,9944,268438473
2548,-2076,16832,-1434,1029,8467,268438473
2768,-2040,15604,-851,750,7686,268438473
1696,-2680,16076,-568,1007,8508,268438473
1404,-2520,16564,900,1364,9577,268438473
-120,-2120,15884,1408,1109,10525,268438473
772,-1840,16432,1448,1882,11134,268438473
100,-1616,16908,1317,3545,12106,268438473
-204,-1420,16132,390,6653,12363,268438473
-512,-1988,16424,173,4509,12528,268438473
2176,-116,14920,772,2158,10432,268438473
-2804,-1732,15404,-450,-1555,2918,268438473
-2096,-3284,16244,-195,345,795,268438473
-176,-2436,16964,721,-1729,1115,268438473
1432,-964,15404,-236,4164,3109,268438473
260,-756,15832,-1055,8311,5428,268438473
-752,-2932,17124,-537,6873,6287,268438473
-996,-3044,17144,211,8761,6787,268438473
-1832,-2756,17164,567,9794,6905,268438473
-2416,-2492,16300,913,10273,7384,268438473
-3044,-1504,15548,1776,10993,9436,268438473
-3832,-904,14852,1236,8748,11396,268438473
-4844,-1060,15144,357,5632,12458,268438473
-4668,48,14916,-13,5370,13414,268438473
-5568,256,15264,-485,5587,13035,268438473
-5860,492,15388,-598,4620,11547,268438473
-5636,748,15484,104,3552,10449,268438473
-5700,-240,15540,686,3696,9548,268438473
-5428,784,14964,865,5092,9342,268438473
-5204,1624,15208,826,4154,9201,268438473
-5892,1336,14600,424,6305,9430,268438473
-5944,1756,13872,-599,7046,9139,268438473
-5928,2420,14248,-1224,7921,8564,268438473
-7968,2660,13828,-501,7053,7273,268438473
-8336,2228,13456,-110,5930,5790,268438473
-7428,1600,13016,-799,5326,4287,268438473
-7528,1164,13324,-1459,5679,4025,268438473
-7396,1568,13164,-137,1211,6498,268438473
-7132,3044,13156,2088,5529,6708,268438473
-8788,4636,12460,2643,2331,6091,268438473
-9124,3864,12844,1927,-1735,4627,268438473
-7688,3268,12612,1836,1444,3362,268438473
-7208,3628,12508,105,-364,4596,268438473
-7716,3956,12964,-2378,-9472,4857,268438473
-7440,2236,13536,-2345,-8107,3740,268438473
-6416,2352,13440,-2379,-3788,4160,268438473
-5600,3372,13920,-3004,469,4494,268438473
-8288,-3772,18392,3809,-6581,11033,268438473
-5028,3892,14328,6532,-387,11480,268438473
-6596,4488,14368,4290,-3973,11523,268438473
-6356,5108,14928,1326,-2024,9591,268438473
-6452,4940,13080,-1053,-2858,7553,268438473
-6440,5424,13048,-554,-5038,6840,268438473
-5640,5832,13652,1898,-5438,8436,268438473
-4700,5872,13180,4293,-5970,9986,268438473
-5200,6804,13444,5442,-7730,11731,268438473
-4928,6892,13216,4325,-11350,15411,268438473
-3084,6676,14152,894,-17161,17695,268438473
-976,7004,14648,-1373,-20779,18387,268438473
-696,8184,13956,-213,-20034,17945,268438473
248,7072,13220,1323,-21284,16281,268438473
1856,6176,13040,1311,-21511,13249,268438473
3348,6360,12444,-161,-21542,9142,268438473
6456,5312,14048,-1999,-17870,4600,268438473
9804,4220,14632,-2954,-12392,-1621,268438473
11796,3348,15532,-1935,-5920,-9098,268438473
10360,4336,13692,-328,279,-15794,268438473
8196,5600,12088,1493,3867,-20894,268438473
5456,8752,13588,2618,4919,-25144,268438473
4188,8712,14840,-3727,5866,-30171,268438473
3520,8028,13036,-8423,5286,-32768,268438473
2352,7880,13084,-11294,4257,-32768,268438473
2508,8620,14116,-11681,6185,-30217,268438473
1040,7584,14364,-12076,7142,-25747,268438473
-32,5448,14512,-11413,8118,-21942,268438473
-316,4336,15940,-7235,14863,-19022,268438473
-3088,3452,14624,-2193,19543,-17082,268438473
-6312,2808,14264,191,18396,-14435,268438473
-6764,3188,14504,582,13003,-11487,268438473
-7724,2532,14760,1369,9194,-8935,268438473
-7708,3968,14876,1965,3851,-6823,268438473
-7656,6004,15756,2595,3290,-6888,268438473
-6904,4252,13672,2602,3000,-8485,268438473
-7132,3396,12852,2460,474,-7806,268438473
-6848,3208,12096,1967,-3919,-5366,268438473
-7092,2792,13388,1834,-8037,-3508,268438473
-6384,3244,14272,2276,-16747,-2641,268438473
-5972,3144,14388,3004,-20619,-1184,268438473
-4556,3616,14584,2355,-21079,-348,268438473
-3696,4048,14704,452,-19787,-1406,268438473
-3464,3444,14144,-3152,-18416,-1272,268438473
-2156,2724,15220,-5122,-19092,-265,268438473
-1200,2860,16208,-4821,-19604,-773,268438473
-888,5416,17132,-3297,-14458,-3737,268438473
-800,5756,18048,-1891,-6797,-4514,268438473
116,5004,17804,-3571,1035,-1052,268438473
1036,2068,16204,-5880,7720,-159,268438473
1388,116,14332,-6201,11335,-1082,268438473
160,-340,12764,-5100,13069,-2240,268438473
-1116,-472,13280,-2264,8202,-2232,268438473
-2744,1096,14976,2138,-4166,702,268438473
-2372,2840,16288,4318,-16811,6698,268438473
672,4540,18288,2792,-21590,9248,268438473
1716,3384,19156,229,-20704,5744,268438473
2668,4412,17780,-1211,-18526,-109,268438473
4044,3860,16404,144,-10653,-6364,268438473
5932,3248,14572,3078,-1026,-11311,268438473
3076,1032,13172,3332,5573,-13048,268438473
468,1016,13396,562,8458,-10331,268438473
-544,2852,14752,-445,8238,-2989,268438473
1268,2192,15208,-2139,364,4479,268438473
1340,4112,15596,-4518,-15377,11096,268438473
3340,3220,15916,-6971,-21906,11602,268438473
3940,1768,16968,-7415,-18100,9254,268438473
4812,376,13740,-5501,-19463,7939,268438473
7648,1544,13476,-2944,-17825,2934,268438473
9796,1532,14700,-748,-13107,-6904,268438473
8040,1296,14760,14,-13267,-13197,268438473
7624,2436,13376,5764,-9033,-8505,268438473
11176,2684,15504,8612,-333,-3245,268438473
7088,4272,16828,4111,17131,2466,268438473
6536,2628,14020,-167,8335,5136,268438473
9156,1464,13920,-896,4500,2294,268438473
7616,1300,14672,-109,7648,-425,268438473
7312,1800,14580,258,9558,-512,268438473
6660,2044,14628,441,13357,-899,268438473
5500,2372,14852,-786,13307,-886,268438473
4896,2120,15276,-985,11573,-1227,268438473
4708,2308,16032,-277,13191,-1924,268438473
4500,1460,17540,-2583,20667,-4130,268438473
3480,1276,17204,-6591,23191,-5452,268438473
1848,2620,16124,-6448,29087,-6492,268438473
-892,1644,13620,-4446,30482,-5832,268438473
-2664,1668,14192,-1442,32741,-5253,268438473
-6432,836,14208,1562,20965,-1579,268438473
-8428,1300,12960,2374,-2720,395,268438473
-6136,-28,13340,4054,-30947,2688,268438473
-2608,1540,13804,5204,-32768,5415,268438473
-1164,688,14620,4401,-32768,4593,268438473
7184,1316,16912,5002,-32768,-327,268438473
8364,7884,15860,-1694,-32768,-5030,268438473
11536,7152,15912,-3150,-16551,-5994,268438473
10168,1960,13896,-711,1934,-3843,268438473
9388,364,12684,1281,18170,-3117,268438473
7856,1104,12572,661,26791,-4074,268438473
4380,1512,10188,-651,26896,-1617,268438473
2872,2564,11804,-3037,9213,3275,268438473
4224,1240,15536,-6111,-18161,6317,268438473
6772,2908,15704,-5235,-30915,8588,268438473
9268,4484,15916,-6269,-32768,8901,268438473
11404,3460,17072,-4881,-30106,4652,268438473
12664,452,15264,-2942,-4261,-4296,268438473
12556,-1604,12944,-159,7389,-5789,268438473
11436,-1112,12236,-3558,26814,-5167,268438473
9120,264,11332,-2109,32767,-4735,268438473
3552,2004,11516,755,32767,-3504,268438473
276,2388,13444,1210,28297,506,268438473
2408,876,16020,-1842,5825,4380,268438473
3552,2020,17104,-607,-4245,5936,268438473
3864,2996,19080,-643,-6361,2701,268438473
4436,3012,19204,-82,795,-2243,268438473
3404,224,16000,244,3978,-2701,268438473
4488,-148,15468,187,3745,-226,268438473
4404,-404,18500,2187,16415,-554,268438473
1092,1296,13608,2696,19016,1875,268438473
2628,1252,16136,-4613,18647,1666,268438473
876,1276,14888,-3459,25720,2822,268438473
-1740,1416,15032,-1310,20550,5125,268438473
-3572,1336,14268,3023,19203,3718,268438473
-3484,892,14680,5362,17775,899,268438473
-2244,-4780,16332,2712,18855,332,268438473
-3648,3440,18708,-1593,27701,3957,268438473
-7716,2236,17708,-8401,21468,2513,268438473
-8268,2028,13228,-10744,12684,929,268438473
-9492,1364,12592,-10541,-1683,-2159,268438473
-10060,-264,12464,-7974,-21725,-5273,268438473
-8648,-1088,10652,-3691,-32768,-4440,268438473
-3580,-1624,10940,1510,-32768,-2888,268438473
1384,-948,13408,8299,-32768,-2209,268438473
5288,1372,15584,12223,-32768,-2531,268438473
7388,2668,17896,11753,-14333,-4094,268438473
5940,1956,17376,7905,8806,-4460,268438473
5636,-56,15424,678,29772,-3846,268438473
3980,1592,15388,-5535,32767,8,268438473
-564,2128,16448,-7988,32767,5755,268438473
-3292,3052,15756,-5259,32767,8716,268438473
-7040,1616,14684,-1622,23193,7535,268438473
-7940,396,13580,138,9336,2583,268438473
-8008,912,14496,433,-6122,-1398,268438473
-6036,608,13524,4289,-21290,-4094,268438473
-2312,-256,15412,5690,-31208,-4116,268438473
-1496,1944,17216,5102,-32768,-350,268438473
32,1744,16580,3094,-32768,2643,268438473
3088,2948,16036,-1013,-32768,3869,268438473
3908,2364,17776,-5654,-29792,1478,268438473
6784,1388,17612,-8559,-12366,771,268438473
5848,1072,15328,-9503,1330,-920,268438473
5268,-36,13700,-9287,12439,-3911,268438473
3636,-128,14212,-5623,20405,-5462,268438473
2420,-384,13544,467,22852,-4250,268438473
1868,372,13040,5416,22058,-2809,268438473
1064,612,14648,10184,16049,-2407,268438473
296,1392,16308,11811,5341,-2379,268438473
716,688,17784,9966,-982,-5930,268438473
-916,6272,15816,6110,5792,-4116,268438473
-676,2784,17932,312,18672,895,268438473
-1216,1952,19088,-6198,15092,2298,268438473
-96,504,18056,-7741,10861,3607,268438473
-1832,172,16520,-6873,8875,5337,268438473
-3068,668,15268,-5556,4542,5415,268438473
-4192,968,13844,-5006,-4161,4486,268438473
-4252,1072,13608,-2562,-11988,4515,268438473
-3852,1788,13592,-430,-13572,5886,268438473
-5356,2568,16184,444,-2230,7431,268438473
-4740,2220,15880,-528,-10,9088,268438473
-3604,3152,16036,-2442,-493,8100,268438473
-2520,2604,15180,-3091,88,3931,268438473
-2528,1184,15772,-2932,-7218,743,268438473
-1736,1188,15460,-1269,-14839,198,268438473
-628,1068,15484,513,-16862,-181,268438473
2768,572,18380,2887,-8373,-927,268438473
3700,-272,17100,2469,-6796,1895,268438473
-2084,1836,17432,-2337,-510,6317,268438473
680,-176,17104,-5415,2498,3582,268438473
3148,1012,14840,-5200,8517,-795,268438473
2784,-1884,14988,-4618,-1255,-2545,268438473
2924,-2308,14212,-171,4327,-3197,268438473
2012,-900,14844,2447,2667,-2581,268438473
896,500,16796,3173,5777,-3083,268438473
168,1708,17016,683,7781,-5334,268438473
-56,1672,15672,-1425,6161,-8801,268438473
696,472,14888,-781,-3225,-11425,268438473
2344,136,17904,3177,-2378,-13237,268438473
1356,-792,16100,4028,949,-14171,268438473
804,-648,16724,4579,2329,-13727,268438473
1712,572,16640,3475,5397,-12282,268438473
1152,1036,16900,2173,3906,-11397,268438473
-156,2060,18224,1186,6955,-10132,268438473
-1716,1960,18600,-1037,8122,-8731,268438473
-2908,1884,17632,-1520,7172,-7234,268438473
-4416,1808,17024,-915,7756,-5862,268438473
-6064,460,14912,-1179,8229,-2423,268438473
-7872,-672,11752,-2542,3869,3608,268438473
-8344,-1156,9996,-3013,-11241,10800,268438473
-6440,-128,10328,-1317,-27481,16668,268438473
-2560,2748,12344,4533,-22750,14320,268438473
-5468,1116,12488,5867,-28695,20660,268438473
132,4028,18064,8909,10787,11589,268438473
-932,1512,19508,1269,9074,7787,268438473
824,-20,18012,-4781,5943,6417,268438473
1288,-348,16988,-6815,3429,3465,268438473
792,364,15944,-4538,559,-337,268438473
864,812,15816,-1210,-452,-6116,268438473
2576,1060,16112,1890,-3758,-11249,268438473
5456,1116,16276,3388,-3827,-12769,268438473
6872,1000,16896,3434,-2356,-10818,268438473
6624,1276,16800,2842,-687,-6792,268438473
4236,2144,17240,922,-423,-3766,268438473
2948,2072,16348,-1044,-3533,-2160,268438473
1584,1760,14964,-1032,-4747,-1003,268438473
300,1260,14996,720,-4411,288,268438473
-1428,1184,15884,2285,-3944,1231,268438473
-3248,892,16088,2103,-3373,609,268438473
-5828,604,16556,863,-606,92,268438473
-7044,664,16940,-992,1138,-1432,268438473
-5664,-20,16024,-999,891,-2543,268438473
-3228,44,15464,373,2502,-2654,268438473
-736,968,15364,1648,4219,-2060,268438473
4396,1808,15752,2074,7166,-1683,268438473
8508,2880,17492,1555,9553,-410,268438473
7980,4240,17692,171,9663,901,268438473
5684,4120,17248,-1996,5938,713,268438473
3736,3180,16076,-2764,4043,232,268438473
204,2048,15364,-2632,2047,511,268438473
-4500,616,14916,-1895,980,1453,268438473
-9360,-680,15184,-1390,-1278,1584,268438473
-10764,-452,14348,827,-2692,1089,268438473
-9012,608,15108,2798,-2381,-1306,268438473
-3248,1652,16416,3996,-2809,-2896,268438473
4284,1780,17864,1721,932,-1468,268438473
7624,4152,17572,-1695,3953,1927,268438473
8128,3816,16504,-2987,4792,5416,268438473
7220,1888,16732,-2057,2982,5031,268438473
4372,3868,17092,-1446,626,1706,268438473
364,1188,16080,-1058,1727,486,268438473
-4840,552,15304,-1052,788,-1367,268438473
-8588,-476,15064,-758,-1518,-2203,268438473
-10888,504,14372,-135,-5149,-2586,268438473
-9336,-88,14072,1295,-6339,-1100,268438473
-5000,228,14556,3112,-3077,595,268438473
-1356,364,16240,2381,1954,2278,268438473
692,1000,18076,863,3825,2220,268438473
956,1296,18264,-167,4590,2489,268438473
-568,1228,19364,59,3112,2348,268438473
-1008,3064,21528,1342,-1813,1411,268438473
-692,5040,23128,1247,-6704,-813,268438473
-1008,4608,22900,-3025,-10600,-3432,268438473
-328,3788,18052,-8876,-7120,-3642,268438473
980,1348,11280,-10585,-2734,-3121,268438473
1416,-1224,6516,-6434,1034,-2108,268438473
2376,-1932,5928,-2617,3280,-818,268438473
2704,-1716,6664,-204,3982,1971,268438473
2108,-1080,7404,2220,3125,4556,268438473
208,-296,9100,5618,1867,5641,268438473
-1228,1088,13736,7272,2293,3961,268438473
-2904,2684,17408,8400,4119,935,268438473
-3520,3296,21160,7659,3370,-1014,268438473
-4280,4088,24428,4196,824,-1800,268438473
-3256,3832,25808,-35,-3379,-2132,268438473
-2844,3032,24636,-2726,-4084,-435,268438473
-2908,2848,21852,-4009,-5447,-118,268438473
-1320,1744,18856,-5394,-4721,391,268438473
-372,768,15132,-5635,-4065,636,268438473
512,-244,11464,-4981,-1430,364,268438473
1284,-1124,8272,-3741,-1322,1023,268438473
1876,-1280,6132,-2174,-889,1969,268438473
1460,-1256,6196,-178,-1283,2235,268438473
616,-188,8384,3018,1115,1789,268438473
416,2248,13360,7874,2410,739,268438473
-964,4948,21824,12129,2302,-184,268438473
-3692,7184,31360,9706,7589,-3442,268438473
-4544,4944,30064,-304,8289,-5234,268438473
-1112,1452,23480,-11145,-6068,-2961,268438473
-336,188,16988,-9399,-5601,476,268438473
-1048,-416,14152,-5414,-5746,1518,268438473
20,-40,11476,-1893,-3358,1702,268438473
1388,-524,8444,-1235,1168,1474,268438473
1044,-1604,6472,-1092,4348,1642,268438473
-216,-1756,7056,214,3933,2003,268438473
-1300,352,11724,4236,488,2512,268438473
-1824,4284,19876,10074,-4953,2954,268438473
-3300,7504,28168,9850,-5965,687,268438473
-2092,6452,29260,77,-3158,-2735,268438473
-1228,3480,22680,-8808,-685,-3560,268438473
-128,-460,14884,-11508,-476,-3975,268438473
652,-3104,8880,-8074,35,-2125,268438473
884,-3252,6668,-1098,3216,-351,268438473
940,-2820,7524,4086,4989,911,268438473
-92,-1084,10320,5987,993,2667,268438473
-556,880,15076,6387,-2165,3029,268438473
-3672,3332,18864,5498,-1551,1833,268438473
-6932,4860,22140,3976,223,-2957,268438473
-6032,4632,22292,1761,5513,-7076,268438473
-2912,1804,18228,-2753,3382,-7452,268438473
636,-372,14952,-2749,916,-4539,268438473
3832,-104,14336,612,-16,614,268438473
6696,1828,17332,2783,-74,4192,268438473
6768,4800,19200,674,860,2200,268438473
6892,3796,18508,-3185,1186,340,268438473
4984,3404,15712,-3279,-60,-567,268438473
2836,2184,13828,-1536,-390,1162,268438473
-2824,1052,14164,-42,24,2203,268438473
-9168,36,14692,73,-1208,1064,268438473
-12828,-424,15164,-231,-1317,-811,268438473
-13888,-388,14932,-108,-893,-3823,268438473
-11232,-1016,14852,1127,-3123,-5126,268438473
-5864,-328,16220,2006,-3282,-3665,268438473
-1000,1260,17544,1017,12,-1544,268438473
3764,2248,17632,-1368,1612,958,268438473
7648,3564,17352,-2133,3041,1301,268438473
9032,4088,17688,-2025,3182,1869,268438473
8744,3860,17040,-2386,1875,2380,268438473
6184,3512,16136,-2585,570,2191,268438473
2252,1416,14900,-2124,1014,2411,268438473
-3368,-216,13740,-1202,301,1481,268438473
-8876,-1676,13276,53,-901,-572,268438473
-12824,-1444,13900,2560,-1472,-2151,268438473
-13508,-1028,15020,3427,-2209,-2382,268438473
-8584,-80,15904,2488,-1399,-1107,268438473
-2832,772,16320,1380,2415,1310,268438473
2732,1372,18100,125,3384,3099,268438473
5308,3308,18168,-393,785,4243,268438473
6884,1872,18592,676,375,4608,268438473
6480,2384,19572,1590,-3,3416,268438473
3476,2652,19972,499,-250,1442,268438473
260,1936,18928,-2176,-3141,-481,268438473
-2612,520,17408,-3924,-5907,-824,268438473
-4072,544,15972,-3764,-6095,-2064,268438473
-2476,956,16300,-2628,-4312,-3082,268438473
-56,2088,17536,-4046,-5847,-1918,268438473
1308,2100,16168,-7968,-4894,583,268438473
-204,1600,12944,-8253,-3211,3025,268438473
-388,1576,10152,-4881,-691,3970,268438473
-140,1500,9308,-1327,2889,3819,268438473
-920,556,9044,1403,6016,3166,268438473
-4668,-1476,9684,3915,9172,3736,268438473
-9328,-3016,12212,6260,9042,3947,268438473
-11736,-3060,15196,8549,6391,1129,268438473
-10584,-1512,18060,8140,3839,-2787,268438473
-7800,124,19964,6330,1981,-5795,268438473
-4088,708,20968,5073,444,-6634,268438473
-1244,1160,23080,3309,-527,-6306,268438473
2696,2368,25464,-1253,-1322,-4539,268438473
5072,3716,23644,-7461,-2224,-1037,268438473
6600,2436,20104,-10054,-4796,828,268438473
6960,3592,17228,-8639,-6884,792,268438473
6248,2976,14136,-6405,-4665,2151,268438473
3216,1336,11340,-4807,-904,2307,268438473
1136,1160,8864,-1983,107,1567,268438473
-744,904,8324,1026,399,1908,268438473
-3548,500,8692,3629,500,2808,268438473
-7264,532,9980,6010,2630,2448,268438473
-8684,-1444,11904,6749,3280,1081,268438473
-10816,-1768,15760,6932,4402,-232,268438473
-10900,-1688,18836,5678,3678,-2400,268438473
-8760,-836,21476,4053,2966,-4537,268438473
-6364,1508,25136,2855,4533,-6063,268438473
-3348,1004,22196,-1602,-2190,-6321,268438473
-720,1284,19180,-7185,-3187,-3303,268438473
2028,1396,15316,-5217,-2519,612,268438473
3984,1808,14340,-1542,-480,3676,268438473
3512,660,13828,1758,1039,4809,268438473
4272,4604,12664,3872,-1922,1883,268438473
4944,4580,13144,4893,-1902,1350,268438473
3540,2664,13724,4263,1689,2762,268438473
2024,3048,13580,3630,1002,1396,268438473
844,2396,15052,4759,3458,-276,268438473
-120,2212,16652,4734,2549,-224,268438473
-1924,1440,18980,3246,1972,1299,268438473
-6372,2320,23456,1858,9704,3796,268438473
-9108,480,23776,-3763,3126,1796,268438473
-8572,-40,22260,-8766,-8557,2485,268438473
-12840,-328,18212,-12039,-20585,3372,268438473
-12504,-4,14368,-6064,-17736,1702,268438473
-11212,812,13728,-1868,-8648,-4805,268438473
-6768,-620,11484,-2168,-7675,-9321,268438473
-2464,840,10572,-1944,850,-10023,268438473
924,1364,9484,-2304,4194,-9746,268438473
4824,2092,8496,-550,3958,-6298,268438473
7156,3252,10744,3909,5388,-2171,268438473
7460,4044,13764,8103,5051,2011,268438473
6948,4848,16592,8122,5561,4143,268438473
5776,5156,19296,6382,6461,4906,268438473
4124,4708,22044,2580,6320,4208,268438473
1432,2964,21392,-2503,3841,3793,268438473
-2532,468,20676,-5230,403,4033,268438473
-7436,-1036,20180,-4874,-4061,4064,268438473
-10396,-1292,19196,-3620,-7204,2760,268438473
-10956,-840,18228,-2370,-7260,793,268438473
-9612,-1172,16380,-4273,-3932,-2416,268438473
-7356,-1064,13992,-4966,-2354,-4483,268438473
-4268,-312,10572,-4883,-2416,-5796,268438473
-780,960,9064,-2157,-1650,-6276,268438473
2552,1904,8896,1384,-1049,-4723,268438473
4324,2664,10840,5179,1248,-2190,268438473
5824,5012,13944,7430,3135,560,268438473
5428,4072,17200,6664,6043,3354,268438473
5232,4384,19484,4907,6763,4337,268438473
3448,3284,21108,2597,4740,3891,268438473
1320,2456,22752,490,7765,4035,268438473
-1932,1068,22500,-2363,2258,2547,268438473
-4144,-300,21132,-5268,-5859,2178,268438473
-7032,-592,19208,-3608,-7675,3980,268438473
-9160,-88,17292,-1399,-7632,3978,268438473
-9616,-696,16992,-1374,-7319,1154,268438473
-7724,-708,14996,-3051,-4912,-1930,268438473
-4572,-888,11924,-3648,-3431,-3353,268438473
-2048,84,9956,-1681,-1032,-3772,268438473
-740,1144,9624,-189,3109,-4258,268438473
924,1868,9260,254,5231,-4450,268438473
1376,2844,10628,2161,9288,-3386,268438473
2000,2884,12508,3053,7976,-896,268438473
2580,2768,14916,3491,7064,788,268438473
2408,3800,17040,3695,8214,2108,268438473
1220,3116,20352,2442,6492,3601,268438473
592,2864,22400,1372,5871,3256,268438473
-768,2488,23248,-349,4630,1964,268438473
-2064,1504,22556,-3210,-741,1664,268438473
-3368,188,20336,-5925,-7308,1931,268438473
-4600,-1012,17212,-4512,-9962,2843,268438473
-6904,-1136,15680,-863,-6784,2431,268438473
-7672,-1036,14992,-383,-4658,428,268438473
-7452,-976,13352,-1349,-1139,-1365,268438473
-7000,-496,11184,-2504,1508,-2708,268438473
-6000,572,10080,-2918,4523,-2998,268438473
-4572,2000,9944,-3781,5553,-2526,268438473
-1652,2764,10600,-3113,3251,-2403,268438473
1548,2728,13136,450,170,-1541,268438473
2976,1896,16188,3324,-623,-144,268438473
2916,2140,18804,4265,277,-377,268438473
908,1468,20652,2148,203,-1382,268438473
-112,-428,20724,-438,1806,-1392,268438473
-2144,404,21180,-2351,9785,1079,268438473
-2120,-2680,17104,-2484,5457,1088,268438473
-6388,-368,14084,-147,4548,1578,268438473
-7360,-1608,12008,-1806,-10619,3134,268438473
-6324,-808,12692,1868,-8337,2170,268438473
-5140,-440,13468,3387,-8247,633,268438473
-4484,176,15144,3550,-4353,512,268438473
-4332,836,15780,2761,-1811,396,268438473
-3456,-64,15464,1415,-1649,-30,268438473
-2540,-260,14996,1217,-3144,769,268438473
-2140,88,14932,1521,-5495,1758,268438473
-2572,1516,16756,3164,-10687,1183,268438473
-1200,1560,17920,4435,-7020,-497,268438473
-568,1616,17764,3230,-1681,-1558,268438473
-76,1064,16020,693,-2693,-1713,268438473
-128,1132,14740,-233,-5008,-770,268438473
-500,2968,14344,-527,-8306,-211,268438473
88,3080,15748,998,-8134,-462,268438473
964,2976,15368,2347,-7968,-145,268438473
1428,2552,15488,2981,-9179,116,268438473
1976,2644,15424,3054,-10572,252,268438473
2952,3012,15484,3077,-11269,1530,268438473
3296,3368,15720,2608,-13293,2389,268438473
5552,2376,16328,4489,-10185,2103,268438473
944,1248,11756,-2494,-5396,4319,268438473
3656,2236,13060,-1372,1860,1544,268438473
3604,3396,15652,-3429,-2462,1545,268438473
4588,2096,15720,-3023,-2400,1277,268438473
3924,3152,15708,-3117,-3022,1125,268438473
3468,2548,15400,-3174,-2726,1656,268438473
4400,1644,15120,-2600,-380,2087,268438473
3948,668,16144,-3377,-2264,1590,268438473
4628,1028,16504,-3451,-4284,918,268438473
4656,992,15820,-1838,-1491,1140,268438473
4380,992,15692,-885,-196,1008,268438473
3844,592,15768,-1278,-990,1002,268438473
4560,344,16104,-1847,-1865,836,268438473
4724,984,15344,-287,3148,641,268438473
4152,1348,16000,-181,3892,294,268438473
4512,1312,15420,-327,4528,-190,268438473
4856,908,15656,-291,5267,-51,268438473
3652,892,16136,-572,4434,-440,268438473
3412,1264,16484,-888,4162,55,268438473
3176,748,15812,-1292,3826,456,268438473
3292,372,15128,-600,5311,-33,268438473
2868,264,16820,130,5750,-863,268438473
2280,732,15668,-21,5704,-1078,268438473
1804,1276,16968,657,5305,-865,268438473
2676,1100,14968,-386,7437,-822,268438473
2408,772,14288,-608,14879,-1212,268438473