0.003870
0.020225
0.040551
0.026692
-0.043168
-0.125860
-0.142775
-0.057280
0.085643
0.193367
0.197817
0.102918
-0.026392
-0.116398
-0.133042
-0.093223
-0.039578
-0.005264
0.004204
0.004135
0.010968
0.027839
0.044771
0.049476
0.037824
0.016065
-0.005018
-0.017846
-0.021661
-0.020518
-0.018641
-0.017271
-0.014892
-0.009707
-0.001816
0.006575
0.012690
0.014954
0.013658
0.010310
0.006441
0.002830
-0.000447
-0.003476
-0.006048
-0.007651
-0.007830
-0.006537
-0.004207
-0.001528
0.000883
0.002685
0.003794
0.004257
0.004128
0.003453
0.002326
0.000931
-0.000472
-0.001622
-0.002342
-0.002579
-0.002389
-0.001882
-0.001183
-0.000409
0.000332
0.000942
0.001342
0.001487
0.001381
0.001073
0.000643
0.000176
-0.000251
-0.000582
-0.000784
-0.000846
-0.000775
-0.000596
-0.000349
-0.000080
0.000166
0.000355
0.000464
0.000488
0.000437
0.000328
0.000184
0.000031
-0.000108
-0.000212
-0.000271
-0.000281
-0.000248
-0.000181
-0.000096
-0.000008
0.000070
0.000127
