3.869518318520653605e-03
2.022460024249856866e-02
4.055111293856483723e-02
2.669234895235236826e-02
-4.316785003078449368e-02
-1.258605100690975143e-01
-1.427756314217442091e-01
-5.728063960395868293e-02
8.564292916277294054e-02
1.933667148976956351e-01
1.978171380348221486e-01
1.029179315372643622e-01
-2.639191408661845095e-02
-1.163977241136808505e-01
-1.330421812046212460e-01
-9.322285893507831211e-02
-3.957753456236878797e-02
-5.263657582660619116e-03
4.203811961156933563e-03
4.135083904762568152e-03
1.096805139827642869e-02
2.783838974964900764e-02
4.477065246502279217e-02
4.947550919017140725e-02
3.782443273797891914e-02
1.606478817730710995e-02
-5.018276934074319962e-03
-1.784623936409488951e-02
-2.166132195941498917e-02
-2.051753976684289604e-02
-1.864069249355872204e-02
-1.727088690475987731e-02
-1.489187173968971323e-02
-9.706553091160974311e-03
-1.816005856062438695e-03
6.574920468613338828e-03
1.269049962953083810e-02
1.495425469993537371e-02
1.365833425257713396e-02
1.031039909890392459e-02
6.440578349018961923e-03
2.829830322753412730e-03
-4.472669423561427549e-04
-3.476196250229305999e-03
-6.047591189548451318e-03
-7.651257814235368215e-03
-7.829977062180241976e-03
-6.536614110641277009e-03
-4.206546067462534066e-03
-1.528206366816248218e-03
8.834542990065925860e-04
2.685013202160043029e-03
3.794431671003762122e-03
4.256779448838177160e-03
4.127578515154158717e-03
3.453436487826248846e-03
2.326191936811168592e-03
9.306770100711084237e-04
-4.722154179738315485e-04
-1.621938183088531601e-03
-2.341919896674691561e-03
-2.579470106325167794e-03
-2.388725172977109595e-03
-1.881583407227879062e-03
-1.182849546914834307e-03
-4.093780881467444163e-04
3.315511629655232620e-04
9.418314563933295573e-04
1.341863935347357289e-03
1.487282740027200470e-03
1.381380733085376886e-03
1.073440301518286191e-03
6.426665151284469135e-04
1.759503549077262759e-04
-2.506560021586004810e-04
-5.816327999459641827e-04
-7.840020365135328718e-04
-8.459146621640056124e-04
-7.749656295506154868e-04
-5.963667481189522876e-04
-3.492506244908246717e-04
-7.999529730776024777e-05
1.664480452356644196e-04
3.546460524679217368e-04
4.637288080964593797e-04
4.884571331784824319e-04
4.370842277102841324e-04
3.275934818261377370e-04
1.836257619474699395e-04
3.065777423985095729e-05
-1.075186690614552960e-04
-2.119524740412486439e-04
-2.709578956054141050e-04
-2.812815879771187952e-04
-2.476971295901837008e-04
-1.811802842542540020e-04
-9.623759452079868725e-05
-8.097937475552469296e-06
6.967919058834468862e-05
1.269069884969427548e-04
