7.131368e-05 2.734185e-07 3.399050e-05 4.052420e-06 1.238146e-05 1.562463e-06 4.661760e-05 9.380467e-05 6.075361e-06 4.332416e-05 4.999432e-05 9.629620e-08 8.974607e-06 4.499856e-06 6.288921e-05 2.349694e-05 2.434866e-05 9.929098e-05 2.349762e-05 7.212014e-06 6.885699e-06 1.286136e-05 2.892691e-05 3.393265e-06 9.650202e-05 7.131368e-05 2.734185e-07 3.399050e-05 4.052420e-06 1.238146e-05 1.562463e-06 4.661760e-05 9.380467e-05 6.075361e-06 4.332416e-05 4.999432e-05 9.629620e-08 8.974607e-06 4.499856e-06 6.288921e-05 2.349694e-05 2.434866e-05 9.929098e-05 2.349762e-05 
2.690106e-06 4.324307e-08 1.343637e-06 1.626089e-07 5.154083e-07 9.154596e-08 1.746426e-06 3.561838e-06 2.608653e-07 1.689961e-06 1.899583e-06 1.418789e-08 3.898799e-07 1.684273e-07 2.402168e-06 9.380763e-07 9.478846e-07 3.760785e-06 8.751783e-07 3.208744e-07 2.935853e-07 5.034277e-07 1.157050e-06 1.455234e-07 3.642213e-06 2.690106e-06 4.324307e-08 1.343637e-06 1.626089e-07 5.154083e-07 9.154596e-08 1.746426e-06 3.561838e-06 2.608653e-07 1.689961e-06 1.899583e-06 1.418789e-08 3.898799e-07 1.684273e-07 2.402168e-06 9.380763e-07 9.478846e-07 3.760785e-06 8.751783e-07 
7.035400e-07 4.479466e-07 1.130990e-08 3.972566e-07 1.046698e-07 3.617710e-07 7.550041e-07 4.460378e-07 5.181917e-07 1.850980e-07 4.240416e-07 4.810049e-07 1.226679e-07 5.787994e-07 2.913831e-07 2.738353e-07 5.149883e-07 4.927536e-07 7.638652e-07 1.904109e-07 2.128168e-07 3.234606e-07 1.914181e-08 6.019853e-07 6.580428e-07 7.035400e-07 4.479466e-07 1.130990e-08 3.972566e-07 1.046698e-07 3.617710e-07 7.550041e-07 4.460378e-07 5.181917e-07 1.850980e-07 4.240416e-07 4.810049e-07 1.226679e-07 5.787994e-07 2.913831e-07 2.738353e-07 5.149883e-07 4.927536e-07 7.638652e-07 
1.614530e-06 2.638988e-06 1.990349e-06 2.616164e-06 2.535199e-06 2.820692e-06 2.112834e-06 1.119625e-06 2.389200e-06 1.744715e-06 1.872642e-06 2.889053e-06 2.745258e-06 2.794714e-06 1.583815e-06 2.056323e-06 2.121569e-06 1.089398e-06 2.514410e-06 2.690431e-06 2.618091e-06 2.435912e-06 2.069992e-06 2.635448e-06 1.212041e-06 1.614530e-06 2.638988e-06 1.990349e-06 2.616164e-06 2.535199e-06 2.820692e-06 2.112834e-06 1.119625e-06 2.389200e-06 1.744715e-06 1.872642e-06 2.889053e-06 2.745258e-06 2.794714e-06 1.583815e-06 2.056323e-06 2.121569e-06 1.089398e-06 2.514410e-06 
6.695887e-06 6.840561e-06 7.699262e-06 7.893092e-06 8.000569e-06 7.492853e-06 7.052998e-06 6.891483e-06 6.350368e-06 6.940325e-06 7.500033e-06 7.735767e-06 8.011270e-06 7.637879e-06 7.442170e-06 6.705970e-06 6.422384e-06 6.996744e-06 7.082368e-06 7.684791e-06 7.992585e-06 7.879951e-06 7.525851e-06 6.686337e-06 6.775138e-06 6.695887e-06 6.840561e-06 7.699262e-06 7.893092e-06 8.000569e-06 7.492853e-06 7.052998e-06 6.891483e-06 6.350368e-06 6.940325e-06 7.500033e-06 7.735767e-06 8.011270e-06 7.637879e-06 7.442170e-06 6.705970e-06 6.422384e-06 6.996744e-06 7.082368e-06 
9.997148e-06 8.636680e-06 1.057413e-05 1.115655e-05 1.050063e-05 9.350450e-06 1.023360e-05 1.063990e-05 8.265022e-06 9.666308e-06 1.112655e-05 1.015808e-05 9.946406e-06 1.037715e-05 1.111703e-05 8.970352e-06 8.701893e-06 1.095171e-05 9.777954e-06 9.576595e-06 1.072687e-05 1.120797e-05 1.005450e-05 8.599433e-06 1.054395e-05 9.997148e-06 8.636680e-06 1.057413e-05 1.115655e-05 1.050063e-05 9.350450e-06 1.023360e-05 1.063990e-05 8.265022e-06 9.666308e-06 1.112655e-05 1.015808e-05 9.946406e-06 1.037715e-05 1.111703e-05 8.970352e-06 8.701893e-06 1.095171e-05 9.777954e-06 
3.688987e-06 2.649463e-06 3.636843e-06 4.382968e-06 3.537874e-06 2.891639e-06 3.861996e-06 3.968295e-06 2.586106e-06 3.233619e-06 4.322339e-06 3.565013e-06 3.020416e-06 3.841430e-06 4.228762e-06 2.860009e-06 2.847453e-06 4.182902e-06 3.550079e-06 2.901460e-06 3.829550e-06 4.363443e-06 3.277822e-06 2.738188e-06 3.995966e-06 3.688987e-06 2.649463e-06 3.636843e-06 4.382968e-06 3.537874e-06 2.891639e-06 3.861996e-06 3.968295e-06 2.586106e-06 3.233619e-06 4.322339e-06 3.565013e-06 3.020416e-06 3.841430e-06 4.228762e-06 2.860009e-06 2.847453e-06 4.182902e-06 3.550079e-06 
4.736506e-06 5.591131e-06 5.059998e-06 4.158213e-06 5.103337e-06 5.508045e-06 4.534283e-06 4.665392e-06 5.562069e-06 5.285089e-06 4.294188e-06 4.867249e-06 5.579544e-06 4.570632e-06 4.459760e-06 5.502744e-06 5.389540e-06 4.483480e-06 4.754394e-06 5.607212e-06 4.771025e-06 4.228316e-06 5.350918e-06 5.440376e-06 4.559099e-06 4.736506e-06 5.591131e-06 5.059998e-06 4.158213e-06 5.103337e-06 5.508045e-06 4.534283e-06 4.665392e-06 5.562069e-06 5.285089e-06 4.294188e-06 4.867249e-06 5.579544e-06 4.570632e-06 4.459760e-06 5.502744e-06 5.389540e-06 4.483480e-06 4.754394e-06 
9.819899e-05 9.917661e-05 9.916470e-05 9.766256e-05 9.925099e-05 9.945048e-05 9.793791e-05 9.839327e-05 9.887413e-05 9.909116e-05 9.791925e-05 9.859570e-05 9.994724e-05 9.810251e-05 9.823995e-05 9.914398e-05 9.876971e-05 9.820527e-05 9.814086e-05 9.977758e-05 9.869271e-05 9.782894e-05 9.946918e-05 9.885112e-05 9.814228e-05 9.819899e-05 9.917661e-05 9.916470e-05 9.766256e-05 9.925099e-05 9.945048e-05 9.793791e-05 9.839327e-05 9.887413e-05 9.909116e-05 9.791925e-05 9.859570e-05 9.994724e-05 9.810251e-05 9.823995e-05 9.914398e-05 9.876971e-05 9.820527e-05 9.814086e-05 
4.767385e-04 4.788912e-04 4.777822e-04 4.795323e-04 4.789206e-04 4.792708e-04 4.779527e-04 4.757384e-04 4.783823e-04 4.770966e-04 4.776913e-04 4.796918e-04 4.790930e-04 4.796011e-04 4.770034e-04 4.777126e-04 4.778158e-04 4.757105e-04 4.787812e-04 4.789790e-04 4.792563e-04 4.791100e-04 4.778279e-04 4.788901e-04 4.758778e-04 4.767385e-04 4.788912e-04 4.777822e-04 4.795323e-04 4.789206e-04 4.792708e-04 4.779527e-04 4.757384e-04 4.783823e-04 4.770966e-04 4.776913e-04 4.796918e-04 4.790930e-04 4.796011e-04 4.770034e-04 4.777126e-04 4.778158e-04 4.757105e-04 4.787812e-04 
1.495555e-03 1.528288e-03 1.504145e-03 1.496178e-03 1.511596e-03 1.525689e-03 1.497887e-03 1.485757e-03 1.526688e-03 1.508299e-03 1.488249e-03 1.513572e-03 1.523100e-03 1.507084e-03 1.487201e-03 1.518646e-03 1.518582e-03 1.481101e-03 1.508344e-03 1.524654e-03 1.506872e-03 1.494740e-03 1.511689e-03 1.525934e-03 1.485203e-03 1.495555e-03 1.528288e-03 1.504145e-03 1.496178e-03 1.511596e-03 1.525689e-03 1.497887e-03 1.485757e-03 1.526688e-03 1.508299e-03 1.488249e-03 1.513572e-03 1.523100e-03 1.507084e-03 1.487201e-03 1.518646e-03 1.518582e-03 1.481101e-03 1.508344e-03 
4.077122e-03 4.250908e-03 4.131086e-03 4.037432e-03 4.160345e-03 4.237519e-03 4.070607e-03 4.038837e-03 4.242175e-03 4.160478e-03 4.020420e-03 4.149311e-03 4.235108e-03 4.105086e-03 4.029004e-03 4.211135e-03 4.202224e-03 4.009900e-03 4.122324e-03 4.241663e-03 4.119550e-03 4.037735e-03 4.177942e-03 4.231603e-03 4.029217e-03 4.077122e-03 4.250908e-03 4.131086e-03 4.037432e-03 4.160345e-03 4.237519e-03 4.070607e-03 4.038837e-03 4.242175e-03 4.160478e-03 4.020420e-03 4.149311e-03 4.235108e-03 4.105086e-03 4.029004e-03 4.211135e-03 4.202224e-03 4.009900e-03 4.122324e-03 
1.545883e-02 1.617546e-02 1.570658e-02 1.523146e-02 1.581174e-02 1.612803e-02 1.540204e-02 1.532799e-02 1.613389e-02 1.583255e-02 1.520212e-02 1.572498e-02 1.614390e-02 1.552450e-02 1.526213e-02 1.603084e-02 1.597580e-02 1.520249e-02 1.560834e-02 1.616437e-02 1.561570e-02 1.524677e-02 1.590969e-02 1.608220e-02 1.527519e-02 1.545883e-02 1.617546e-02 1.570658e-02 1.523146e-02 1.581174e-02 1.612803e-02 1.540204e-02 1.532799e-02 1.613389e-02 1.583255e-02 1.520212e-02 1.572498e-02 1.614390e-02 1.552450e-02 1.526213e-02 1.603084e-02 1.597580e-02 1.520249e-02 1.560834e-02 
1.054358e-01 1.024033e-01 1.043208e-01 1.065147e-01 1.039045e-01 1.025783e-01 1.057341e-01 1.059294e-01 1.025976e-01 1.037887e-01 1.065584e-01 1.043621e-01 1.024495e-01 1.052495e-01 1.062535e-01 1.029758e-01 1.032511e-01 1.064716e-01 1.048759e-01 1.023813e-01 1.047923e-01 1.064205e-01 1.034435e-01 1.028286e-01 1.061820e-01 1.054358e-01 1.024033e-01 1.043208e-01 1.065147e-01 1.039045e-01 1.025783e-01 1.057341e-01 1.059294e-01 1.025976e-01 1.037887e-01 1.065584e-01 1.043621e-01 1.024495e-01 1.052495e-01 1.062535e-01 1.029758e-01 1.032511e-01 1.064716e-01 1.048759e-01 
2.896196e-04 1.080219e-04 2.203019e-04 3.569621e-04 1.960341e-04 1.173052e-04 3.089687e-04 3.172674e-04 1.205266e-04 1.889574e-04 3.574112e-04 2.262652e-04 1.074323e-04 2.806110e-04 3.376894e-04 1.412279e-04 1.591360e-04 3.499858e-04 2.580226e-04 1.041119e-04 2.509151e-04 3.504589e-04 1.673620e-04 1.344861e-04 3.333143e-04 2.896196e-04 1.080219e-04 2.203019e-04 3.569621e-04 1.960341e-04 1.173052e-04 3.089687e-04 3.172674e-04 1.205266e-04 1.889574e-04 3.574112e-04 2.262652e-04 1.074323e-04 2.806110e-04 3.376894e-04 1.412279e-04 1.591360e-04 3.499858e-04 2.580226e-04 
1.468034e-04 3.224845e-04 2.146096e-04 7.951719e-05 2.375430e-04 3.136761e-04 1.270833e-04 1.209207e-04 3.102676e-04 2.451609e-04 8.042599e-05 2.069796e-04 3.240065e-04 1.538338e-04 1.003083e-04 2.910160e-04 2.731205e-04 8.905529e-05 1.761406e-04 3.270451e-04 1.835590e-04 8.626482e-05 2.661569e-04 2.964528e-04 1.049710e-04 1.468034e-04 3.224845e-04 2.146096e-04 7.951719e-05 2.375430e-04 3.136761e-04 1.270833e-04 1.209207e-04 3.102676e-04 2.451609e-04 8.042599e-05 2.069796e-04 3.240065e-04 1.538338e-04 1.003083e-04 2.910160e-04 2.731205e-04 8.905529e-05 1.761406e-04 
3.739744e-04 5.492412e-04 4.423020e-04 3.068113e-04 4.652191e-04 5.409069e-04 3.542113e-04 3.484936e-04 5.367192e-04 4.724191e-04 3.079250e-04 4.342310e-04 5.517356e-04 3.809898e-04 3.279514e-04 5.179304e-04 4.997772e-04 3.167165e-04 4.030933e-04 5.545185e-04 4.110949e-04 3.136651e-04 4.937258e-04 5.230761e-04 3.324293e-04 3.739744e-04 5.492412e-04 4.423020e-04 3.068113e-04 4.652191e-04 5.409069e-04 3.542113e-04 3.484936e-04 5.367192e-04 4.724191e-04 3.079250e-04 4.342310e-04 5.517356e-04 3.809898e-04 3.279514e-04 5.179304e-04 4.997772e-04 3.167165e-04 4.030933e-04 
4.241595e-04 3.377413e-04 3.908257e-04 4.584903e-04 3.797781e-04 3.421340e-04 4.343357e-04 4.366528e-04 3.437111e-04 3.755094e-04 4.574025e-04 3.952280e-04 3.368721e-04 4.215984e-04 4.473030e-04 3.529967e-04 3.619313e-04 4.524382e-04 4.102738e-04 3.353773e-04 4.067080e-04 4.549950e-04 3.652681e-04 3.506710e-04 4.446024e-04 4.241595e-04 3.377413e-04 3.908257e-04 4.584903e-04 3.797781e-04 3.421340e-04 4.343357e-04 4.366528e-04 3.437111e-04 3.755094e-04 4.574025e-04 3.952280e-04 3.368721e-04 4.215984e-04 4.473030e-04 3.529967e-04 3.619313e-04 4.524382e-04 4.102738e-04 
5.267903e-04 3.493537e-05 3.367561e-04 7.193990e-04 2.729794e-04 5.916723e-05 5.834962e-04 5.984309e-04 6.949749e-05 2.506634e-04 7.146119e-04 3.600889e-04 2.918713e-05 5.098766e-04 6.578571e-04 1.225708e-04 1.732355e-04 6.879435e-04 4.463335e-04 2.098403e-05 4.256050e-04 6.998885e-04 1.917366e-04 1.083297e-04 6.433621e-04 5.267903e-04 3.493537e-05 3.367561e-04 7.193990e-04 2.729794e-04 5.916723e-05 5.834962e-04 5.984309e-04 6.949749e-05 2.506634e-04 7.146119e-04 3.600889e-04 2.918713e-05 5.098766e-04 6.578571e-04 1.225708e-04 1.732355e-04 6.879435e-04 4.463335e-04 
1.439883e-03 4.965461e-04 1.078301e-03 1.811682e-03 9.560100e-04 5.442473e-04 1.548959e-03 1.578433e-03 5.619866e-04 9.115693e-04 1.802095e-03 1.121732e-03 4.881492e-04 1.408785e-03 1.693515e-03 6.650852e-04 7.612658e-04 1.750265e-03 1.285652e-03 4.717368e-04 1.248561e-03 1.774462e-03 7.997167e-04 6.367726e-04 1.663946e-03 1.439883e-03 4.965461e-04 1.078301e-03 1.811682e-03 9.560100e-04 5.442473e-04 1.548959e-03 1.578433e-03 5.619866e-04 9.115693e-04 1.802095e-03 1.121732e-03 4.881492e-04 1.408785e-03 1.693515e-03 6.650852e-04 7.612658e-04 1.750265e-03 1.285652e-03 
1.621557e-02 1.424325e-02 1.546895e-02 1.700473e-02 1.521493e-02 1.434817e-02 1.644662e-02 1.650788e-02 1.437639e-02 1.511355e-02 1.698118e-02 1.555863e-02 1.423534e-02 1.615853e-02 1.675380e-02 1.459562e-02 1.479397e-02 1.686818e-02 1.589573e-02 1.419836e-02 1.582707e-02 1.692691e-02 1.488441e-02 1.453509e-02 1.668520e-02 1.621557e-02 1.424325e-02 1.546895e-02 1.700473e-02 1.521493e-02 1.434817e-02 1.644662e-02 1.650788e-02 1.437639e-02 1.511355e-02 1.698118e-02 1.555863e-02 1.423534e-02 1.615853e-02 1.675380e-02 1.459562e-02 1.479397e-02 1.686818e-02 1.589573e-02 
1.363867e-02 1.434006e-02 1.389843e-02 1.334862e-02 1.398683e-02 1.429884e-02 1.355360e-02 1.353373e-02 1.429555e-02 1.402989e-02 1.336033e-02 1.386545e-02 1.433624e-02 1.365206e-02 1.344209e-02 1.421563e-02 1.414652e-02 1.340467e-02 1.374949e-02 1.435130e-02 1.376833e-02 1.337666e-02 1.410791e-02 1.423689e-02 1.347119e-02 1.363867e-02 1.434006e-02 1.389843e-02 1.334862e-02 1.398683e-02 1.429884e-02 1.355360e-02 1.353373e-02 1.429555e-02 1.402989e-02 1.336033e-02 1.386545e-02 1.433624e-02 1.365206e-02 1.344209e-02 1.421563e-02 1.414652e-02 1.340467e-02 1.374949e-02 
1.130140e-03 1.145329e-03 1.134572e-03 1.121615e-03 1.135936e-03 1.143491e-03 1.127536e-03 1.127753e-03 1.145057e-03 1.138612e-03 1.122719e-03 1.133362e-03 1.143719e-03 1.128708e-03 1.124774e-03 1.142959e-03 1.141723e-03 1.124719e-03 1.131739e-03 1.144496e-03 1.130971e-03 1.122349e-03 1.139486e-03 1.143194e-03 1.126443e-03 1.130140e-03 1.145329e-03 1.134572e-03 1.121615e-03 1.135936e-03 1.143491e-03 1.127536e-03 1.127753e-03 1.145057e-03 1.138612e-03 1.122719e-03 1.133362e-03 1.143719e-03 1.128708e-03 1.124774e-03 1.142959e-03 1.141723e-03 1.124719e-03 1.131739e-03 
1.749478e-04 1.565774e-04 1.677870e-04 1.818770e-04 1.653159e-04 1.573849e-04 1.769536e-04 1.776584e-04 1.579419e-04 1.646937e-04 1.818224e-04 1.685145e-04 1.562357e-04 1.740915e-04 1.797631e-04 1.599250e-04 1.618141e-04 1.809691e-04 1.718129e-04 1.559714e-04 1.709679e-04 1.811791e-04 1.624131e-04 1.593095e-04 1.793134e-04 1.749478e-04 1.565774e-04 1.677870e-04 1.818770e-04 1.653159e-04 1.573849e-04 1.769536e-04 1.776584e-04 1.579419e-04 1.646937e-04 1.818224e-04 1.685145e-04 1.562357e-04 1.740915e-04 1.797631e-04 1.599250e-04 1.618141e-04 1.809691e-04 1.718129e-04 
1.082887e-05 7.636733e-06 9.592014e-06 1.205996e-05 9.186821e-06 7.807104e-06 1.119582e-05 1.129145e-05 7.850336e-06 9.029340e-06 1.203682e-05 9.750704e-06 7.621266e-06 1.071572e-05 1.166984e-05 8.196802e-06 8.525169e-06 1.187324e-05 1.030761e-05 7.561856e-06 1.016927e-05 1.193440e-05 8.654491e-06 8.111657e-06 1.158705e-05 1.082887e-05 7.636733e-06 9.592014e-06 1.205996e-05 9.186821e-06 7.807104e-06 1.119582e-05 1.129145e-05 7.850336e-06 9.029340e-06 1.203682e-05 9.750704e-06 7.621266e-06 1.071572e-05 1.166984e-05 8.196802e-06 8.525169e-06 1.187324e-05 1.030761e-05 
3.710693e-06 3.381606e-06 3.629920e-06 3.916534e-06 3.577544e-06 3.396461e-06 3.760533e-06 3.775506e-06 3.408144e-06 3.551813e-06 3.888011e-06 3.623981e-06 3.381086e-06 3.734309e-06 3.847983e-06 3.456934e-06 3.479084e-06 3.837671e-06 3.663274e-06 3.375134e-06 3.693805e-06 3.902590e-06 3.518666e-06 3.426701e-06 3.791543e-06 3.710693e-06 3.381606e-06 3.629920e-06 3.916534e-06 3.577544e-06 3.396461e-06 3.760533e-06 3.775506e-06 3.408144e-06 3.551813e-06 3.888011e-06 3.623981e-06 3.381086e-06 3.734309e-06 3.847983e-06 3.456934e-06 3.479084e-06 3.837671e-06 3.663274e-06 
1.688741e-05 1.240058e-05 1.537251e-05 1.904142e-05 1.479584e-05 1.267397e-05 1.749492e-05 1.759783e-05 1.268531e-05 1.444690e-05 1.885686e-05 1.555590e-05 1.244701e-05 1.696001e-05 1.831087e-05 1.323067e-05 1.364197e-05 1.843749e-05 1.622962e-05 1.234410e-05 1.625281e-05 1.885041e-05 1.397883e-05 1.305340e-05 1.796195e-05 1.688741e-05 1.240058e-05 1.537251e-05 1.904142e-05 1.479584e-05 1.267397e-05 1.749492e-05 1.759783e-05 1.268531e-05 1.444690e-05 1.885686e-05 1.555590e-05 1.244701e-05 1.696001e-05 1.831087e-05 1.323067e-05 1.364197e-05 1.843749e-05 1.622962e-05 
1.842372e-05 1.260577e-05 1.647525e-05 2.128647e-05 1.576390e-05 1.300223e-05 1.924719e-05 1.933070e-05 1.294257e-05 1.523278e-05 2.101315e-05 1.676719e-05 1.272383e-05 1.858791e-05 2.028626e-05 1.365020e-05 1.418491e-05 2.043075e-05 1.761412e-05 1.257197e-05 1.766248e-05 2.102940e-05 1.465747e-05 1.345450e-05 1.981420e-05 1.842372e-05 1.260577e-05 1.647525e-05 2.128647e-05 1.576390e-05 1.300223e-05 1.924719e-05 1.933070e-05 1.294257e-05 1.523278e-05 2.101315e-05 1.676719e-05 1.272383e-05 1.858791e-05 2.028626e-05 1.365020e-05 1.418491e-05 2.043075e-05 1.761412e-05 
1.126953e-05 7.760229e-06 1.013558e-05 1.309583e-05 9.733362e-06 8.037693e-06 1.180279e-05 1.181486e-05 7.935080e-06 9.336926e-06 1.288975e-05 1.034503e-05 7.888972e-06 1.144718e-05 1.243493e-05 8.371509e-06 8.687512e-06 1.248942e-05 1.082121e-05 7.779710e-06 1.089236e-05 1.293288e-05 9.022639e-06 8.270931e-06 1.210832e-05 1.126953e-05 7.760229e-06 1.013558e-05 1.309583e-05 9.733362e-06 8.037693e-06 1.180279e-05 1.181486e-05 7.935080e-06 9.336926e-06 1.288975e-05 1.034503e-05 7.888972e-06 1.144718e-05 1.243493e-05 8.371509e-06 8.687512e-06 1.248942e-05 1.082121e-05 
4.238800e-06 3.262491e-06 3.957673e-06 4.816777e-06 3.862944e-06 3.367512e-06 4.411278e-06 4.392611e-06 3.290747e-06 3.699681e-06 4.732137e-06 4.033464e-06 3.342289e-06 4.341920e-06 4.595960e-06 3.421933e-06 3.502927e-06 4.587721e-06 4.139728e-06 3.298750e-06 4.193651e-06 4.766996e-06 3.636324e-06 3.402276e-06 4.473574e-06 4.238800e-06 3.262491e-06 3.957673e-06 4.816777e-06 3.862944e-06 3.367512e-06 4.411278e-06 4.392611e-06 3.290747e-06 3.699681e-06 4.732137e-06 4.033464e-06 3.342289e-06 4.341920e-06 4.595960e-06 3.421933e-06 3.502927e-06 4.587721e-06 4.139728e-06 
8.744394e-07 9.117001e-07 9.099973e-07 8.993685e-07 9.245208e-07 9.265931e-07 8.835287e-07 8.710982e-07 8.968321e-07 8.954346e-07 8.847817e-07 9.168548e-07 9.392310e-07 9.060446e-07 8.841208e-07 8.993755e-07 8.908669e-07 8.685401e-07 8.946093e-07 9.318633e-07 9.170144e-07 8.986407e-07 9.143293e-07 9.043579e-07 8.668776e-07 8.744394e-07 9.117001e-07 9.099973e-07 8.993685e-07 9.245208e-07 9.265931e-07 8.835287e-07 8.710982e-07 8.968321e-07 8.954346e-07 8.847817e-07 9.168548e-07 9.392310e-07 9.060446e-07 8.841208e-07 8.993755e-07 8.908669e-07 8.685401e-07 8.946093e-07 
6.573658e-08 1.450952e-07 9.754014e-08 3.637202e-08 1.088464e-07 1.428125e-07 5.741554e-08 5.417158e-08 1.382778e-07 1.099249e-07 3.651148e-08 9.470770e-08 1.486607e-07 7.027762e-08 4.538855e-08 1.301881e-07 1.217215e-07 4.003963e-08 7.968551e-08 1.492144e-07 8.414703e-08 3.941238e-08 1.206718e-07 1.330946e-07 4.706473e-08 6.573658e-08 1.450952e-07 9.754014e-08 3.637202e-08 1.088464e-07 1.428125e-07 5.741554e-08 5.417158e-08 1.382778e-07 1.099249e-07 3.651148e-08 9.470770e-08 1.486607e-07 7.027762e-08 4.538855e-08 1.301881e-07 1.217215e-07 4.003963e-08 7.968551e-08 
4.665369e-09 8.718411e-09 6.052650e-09 3.021816e-09 6.527408e-09 8.360557e-09 4.182670e-09 4.009050e-09 8.552145e-09 6.894871e-09 3.043794e-09 5.910911e-09 8.461810e-09 4.732565e-09 3.484867e-09 8.013239e-09 7.666493e-09 3.256117e-09 5.318483e-09 8.610935e-09 5.327546e-09 3.162648e-09 7.257716e-09 8.158658e-09 3.661798e-09 4.665369e-09 8.718411e-09 6.052650e-09 3.021816e-09 6.527408e-09 8.360557e-09 4.182670e-09 4.009050e-09 8.552145e-09 6.894871e-09 3.043794e-09 5.910911e-09 8.461810e-09 4.732565e-09 3.484867e-09 8.013239e-09 7.666493e-09 3.256117e-09 5.318483e-09 
8.349113e-10 2.949969e-10 1.062051e-09 2.030648e-09 9.756811e-10 3.518296e-10 1.122287e-09 1.010393e-09 3.322426e-10 6.954563e-10 1.648457e-09 1.056527e-09 3.386873e-10 1.356049e-09 1.492535e-09 4.759690e-10 4.513253e-10 1.158746e-09 9.409554e-10 3.118132e-10 1.349896e-09 1.960590e-09 7.276735e-10 3.646799e-10 9.609148e-10 8.349113e-10 2.949969e-10 1.062051e-09 2.030648e-09 9.756811e-10 3.518296e-10 1.122287e-09 1.010393e-09 3.322426e-10 6.954563e-10 1.648457e-09 1.056527e-09 3.386873e-10 1.356049e-09 1.492535e-09 4.759690e-10 4.513253e-10 1.158746e-09 9.409554e-10 
3.937040e-08 4.583371e-09 3.009468e-08 6.644741e-08 2.665321e-08 7.337392e-09 4.732016e-08 4.438202e-08 6.445664e-09 2.012103e-08 6.034574e-08 3.418314e-08 5.074292e-09 4.666574e-08 5.427086e-08 1.041269e-08 1.369700e-08 5.165071e-08 3.766189e-08 4.075332e-09 4.054825e-08 6.397237e-08 1.752273e-08 1.008383e-08 4.715249e-08 3.937040e-08 4.583371e-09 3.009468e-08 6.644741e-08 2.665321e-08 7.337392e-09 4.732016e-08 4.438202e-08 6.445664e-09 2.012103e-08 6.034574e-08 3.418314e-08 5.074292e-09 4.666574e-08 5.427086e-08 1.041269e-08 1.369700e-08 5.165071e-08 3.766189e-08 
1.002637e-07 1.975515e-08 7.822780e-08 1.604645e-07 7.087474e-08 2.709512e-08 1.182928e-07 1.116845e-07 2.325723e-08 5.510949e-08 1.473873e-07 8.808057e-08 2.256472e-08 1.162689e-07 1.335858e-07 3.258839e-08 4.017125e-08 1.285065e-07 9.609188e-08 1.979220e-08 1.021666e-07 1.549010e-07 4.958719e-08 3.234901e-08 1.184392e-07 1.002637e-07 1.975515e-08 7.822780e-08 1.604645e-07 7.087474e-08 2.709512e-08 1.182928e-07 1.116845e-07 2.325723e-08 5.510949e-08 1.473873e-07 8.808057e-08 2.256472e-08 1.162689e-07 1.335858e-07 3.258839e-08 4.017125e-08 1.285065e-07 9.609188e-08 
1.029990e-07 3.357857e-08 8.574549e-08 1.579237e-07 8.046784e-08 4.167931e-08 1.196992e-07 1.129591e-07 3.527415e-08 6.387613e-08 1.455179e-07 9.519437e-08 3.887603e-08 1.193834e-07 1.332065e-07 4.392986e-08 5.005874e-08 1.278557e-07 1.006669e-07 3.564268e-08 1.076203e-07 1.529535e-07 6.055341e-08 4.425478e-08 1.188150e-07 1.029990e-07 3.357857e-08 8.574549e-08 1.579237e-07 8.046784e-08 4.167931e-08 1.196992e-07 1.129591e-07 3.527415e-08 6.387613e-08 1.455179e-07 9.519437e-08 3.887603e-08 1.193834e-07 1.332065e-07 4.392986e-08 5.005874e-08 1.278557e-07 1.006669e-07 
5.349827e-08 3.163686e-08 5.065170e-08 7.566265e-08 5.017115e-08 3.622090e-08 6.040309e-08 5.688604e-08 3.068311e-08 4.118737e-08 6.990997e-08 5.468905e-08 3.659258e-08 6.238294e-08 6.541908e-08 3.420446e-08 3.556767e-08 6.209452e-08 5.449375e-08 3.460401e-08 5.923197e-08 7.382335e-08 4.189855e-08 3.478531e-08 5.862953e-08 5.349827e-08 3.163686e-08 5.065170e-08 7.566265e-08 5.017115e-08 3.622090e-08 6.040309e-08 5.688604e-08 3.068311e-08 4.118737e-08 6.990997e-08 5.468905e-08 3.659258e-08 6.238294e-08 6.541908e-08 3.420446e-08 3.556767e-08 6.209452e-08 5.449375e-08 
1.290737e-08 1.814513e-08 1.662997e-08 1.359693e-08 1.806081e-08 1.928491e-08 1.323634e-08 1.237950e-08 1.674744e-08 1.590677e-08 1.266987e-08 1.690829e-08 2.054202e-08 1.525393e-08 1.297803e-08 1.678315e-08 1.582016e-08 1.173824e-08 1.473949e-08 1.995314e-08 1.661141e-08 1.368580e-08 1.771288e-08 1.717304e-08 1.181895e-08 1.290737e-08 1.814513e-08 1.662997e-08 1.359693e-08 1.806081e-08 1.928491e-08 1.323634e-08 1.237950e-08 1.674744e-08 1.590677e-08 1.266987e-08 1.690829e-08 2.054202e-08 1.525393e-08 1.297803e-08 1.678315e-08 1.582016e-08 1.173824e-08 1.473949e-08 
1.634572e-09 6.036792e-09 3.511809e-09 2.190118e-11 4.180543e-09 6.026402e-09 1.181360e-09 1.034028e-09 5.570616e-09 4.108623e-09 4.980011e-11 3.328130e-09 6.454908e-09 1.929017e-09 5.613603e-10 5.190390e-09 4.673949e-09 2.607967e-10 2.414988e-09 6.426258e-09 2.764100e-09 2.048605e-10 4.792333e-09 5.340135e-09 6.286542e-10 1.634572e-09 6.036792e-09 3.511809e-09 2.190118e-11 4.180543e-09 6.026402e-09 1.181360e-09 1.034028e-09 5.570616e-09 4.108623e-09 4.980011e-11 3.328130e-09 6.454908e-09 1.929017e-09 5.613603e-10 5.190390e-09 4.673949e-09 2.607967e-10 2.414988e-09 
7.987494e-10 8.845089e-10 8.069496e-10 7.288246e-10 8.083327e-10 8.606442e-10 7.769423e-10 7.818254e-10 8.929188e-10 8.447016e-10 7.419315e-10 7.979187e-10 8.518695e-10 7.732005e-10 7.550306e-10 8.742780e-10 8.721097e-10 7.621051e-10 8.005835e-10 8.629163e-10 7.801845e-10 7.333566e-10 8.383971e-10 8.749010e-10 7.757578e-10 7.987494e-10 8.845089e-10 8.069496e-10 7.288246e-10 8.083327e-10 8.606442e-10 7.769423e-10 7.818254e-10 8.929188e-10 8.447016e-10 7.419315e-10 7.979187e-10 8.518695e-10 7.732005e-10 7.550306e-10 8.742780e-10 8.721097e-10 7.621051e-10 8.005835e-10 
2.504529e-11 1.574535e-11 9.551113e-11 2.023633e-10 9.507474e-11 2.461740e-11 6.796005e-11 4.073655e-11 1.370629e-11 4.430687e-11 1.346684e-10 9.693374e-11 2.797341e-11 1.230720e-10 1.154958e-10 2.843064e-11 1.650904e-11 5.200677e-11 6.102627e-11 2.344059e-11 1.344040e-10 1.925922e-10 6.205080e-11 1.588500e-11 2.627320e-11 2.504529e-11 1.574535e-11 9.551113e-11 2.023633e-10 9.507474e-11 2.461740e-11 6.796005e-11 4.073655e-11 1.370629e-11 4.430687e-11 1.346684e-10 9.693374e-11 2.797341e-11 1.230720e-10 1.154958e-10 2.843064e-11 1.650904e-11 5.200677e-11 6.102627e-11 
2.927361e-09 1.811217e-10 2.449621e-09 6.553098e-09 2.355185e-09 4.696945e-10 4.047606e-09 3.190175e-09 2.903741e-10 1.286071e-09 5.371058e-09 3.262861e-09 1.674566e-10 4.495190e-09 4.593010e-09 5.091449e-10 8.258882e-10 3.877985e-09 3.323321e-09 7.488745e-11 3.852137e-09 6.194906e-09 1.206438e-09 7.051325e-10 3.437255e-09 2.927361e-09 1.811217e-10 2.449621e-09 6.553098e-09 2.355185e-09 4.696945e-10 4.047606e-09 3.190175e-09 2.903741e-10 1.286071e-09 5.371058e-09 3.262861e-09 1.674566e-10 4.495190e-09 4.593010e-09 5.091449e-10 8.258882e-10 3.877985e-09 3.323321e-09 
7.761670e-09 8.042391e-10 6.376490e-09 1.587152e-08 6.132494e-09 1.648690e-09 1.030033e-08 8.484284e-09 9.772834e-10 3.596478e-09 1.337561e-08 8.225023e-09 1.061717e-09 1.112035e-08 1.159620e-08 1.616417e-09 2.375111e-09 1.017042e-08 8.464179e-09 7.616965e-10 9.597578e-09 1.507260e-08 3.413202e-09 2.060480e-09 9.135744e-09 7.761670e-09 8.042391e-10 6.376490e-09 1.587152e-08 6.132494e-09 1.648690e-09 1.030033e-08 8.484284e-09 9.772834e-10 3.596478e-09 1.337561e-08 8.225023e-09 1.061717e-09 1.112035e-08 1.159620e-08 1.616417e-09 2.375111e-09 1.017042e-08 8.464179e-09 
8.023986e-09 1.868972e-09 7.130722e-09 1.558482e-08 7.073277e-09 2.934893e-09 1.041287e-08 8.725264e-09 1.783546e-09 4.352310e-09 1.326072e-08 8.836669e-09 2.649333e-09 1.134345e-08 1.165948e-08 2.493891e-09 3.065805e-09 1.027288e-08 8.796892e-09 2.227563e-09 1.011549e-08 1.487313e-08 4.445035e-09 2.926021e-09 9.287878e-09 8.023986e-09 1.868972e-09 7.130722e-09 1.558482e-08 7.073277e-09 2.934893e-09 1.041287e-08 8.725264e-09 1.783546e-09 4.352310e-09 1.326072e-08 8.836669e-09 2.649333e-09 1.134345e-08 1.165948e-08 2.493891e-09 3.065805e-09 1.027288e-08 8.796892e-09 
3.983935e-09 2.476254e-09 4.368823e-09 6.998081e-09 4.617321e-09 3.189444e-09 4.954775e-09 4.215508e-09 2.126118e-09 3.095480e-09 5.985802e-09 5.026621e-09 3.395987e-09 5.670128e-09 5.447336e-09 2.479986e-09 2.490502e-09 4.713873e-09 4.576102e-09 3.076977e-09 5.494779e-09 6.757556e-09 3.514625e-09 2.688648e-09 4.325070e-09 3.983935e-09 2.476254e-09 4.368823e-09 6.998081e-09 4.617321e-09 3.189444e-09 4.954775e-09 4.215508e-09 2.126118e-09 3.095480e-09 5.985802e-09 5.026621e-09 3.395987e-09 5.670128e-09 5.447336e-09 2.479986e-09 2.490502e-09 4.713873e-09 4.576102e-09 
8.778533e-10 1.981678e-09 1.650156e-09 8.695178e-10 1.930231e-09 2.218640e-09 8.928290e-10 7.886667e-10 1.688316e-09 1.532243e-09 7.506825e-10 1.644139e-09 2.504264e-09 1.267087e-09 8.510714e-10 1.713724e-09 1.498679e-09 6.412344e-10 1.203573e-09 2.378846e-09 1.579334e-09 9.078259e-10 1.903927e-09 1.763726e-09 6.629285e-10 8.778533e-10 1.981678e-09 1.650156e-09 8.695178e-10 1.930231e-09 2.218640e-09 8.928290e-10 7.886667e-10 1.688316e-09 1.532243e-09 7.506825e-10 1.644139e-09 2.504264e-09 1.267087e-09 8.510714e-10 1.713724e-09 1.498679e-09 6.412344e-10 1.203573e-09 
2.947521e-10 9.216463e-10 5.898396e-10 7.305138e-11 6.931620e-10 9.451722e-10 2.324610e-10 2.195216e-10 8.364966e-10 6.540913e-10 8.013581e-11 5.558235e-10 1.029214e-09 3.476045e-10 1.572559e-10 7.982942e-10 7.136703e-10 1.117927e-10 4.073037e-10 1.012253e-09 4.821176e-10 1.022915e-10 7.707758e-10 8.153438e-10 1.582887e-10 2.947521e-10 9.216463e-10 5.898396e-10 7.305138e-11 6.931620e-10 9.451722e-10 2.324610e-10 2.195216e-10 8.364966e-10 6.540913e-10 8.013581e-11 5.558235e-10 1.029214e-09 3.476045e-10 1.572559e-10 7.982942e-10 7.136703e-10 1.117927e-10 4.073037e-10 
2.183988e-10 1.903297e-10 2.044301e-10 2.131982e-10 1.973197e-10 1.887383e-10 2.155996e-10 2.242994e-10 1.944527e-10 2.050299e-10 2.205719e-10 1.988143e-10 1.870828e-10 2.053484e-10 2.208135e-10 1.981568e-10 2.005551e-10 2.278399e-10 2.070507e-10 1.877847e-10 2.022407e-10 2.139279e-10 1.988226e-10 1.936883e-10 2.260386e-10 2.183988e-10 1.903297e-10 2.044301e-10 2.131982e-10 1.973197e-10 1.887383e-10 2.155996e-10 2.242994e-10 1.944527e-10 2.050299e-10 2.205719e-10 1.988143e-10 1.870828e-10 2.053484e-10 2.208135e-10 1.981568e-10 2.005551e-10 2.278399e-10 2.070507e-10 
6.517452e-13 3.359227e-12 2.342290e-11 4.567942e-11 2.380988e-11 6.448999e-12 1.107030e-11 5.184677e-12 1.748949e-12 9.859987e-12 2.836349e-11 2.184942e-11 9.024078e-12 2.667060e-11 2.449045e-11 6.322751e-12 1.721832e-12 7.219604e-12 1.043111e-11 7.330265e-12 3.194639e-11 4.367371e-11 1.603313e-11 2.052277e-12 3.016840e-13 6.517452e-13 3.359227e-12 2.342290e-11 4.567942e-11 2.380988e-11 6.448999e-12 1.107030e-11 5.184677e-12 1.748949e-12 9.859987e-12 2.836349e-11 2.184942e-11 9.024078e-12 2.667060e-11 2.449045e-11 6.322751e-12 1.721832e-12 7.219604e-12 1.043111e-11 
4.708556e-10 4.623500e-11 4.509579e-10 1.380324e-09 4.802921e-10 1.072962e-10 7.614859e-10 4.765837e-10 5.423351e-11 1.837329e-10 1.031579e-09 6.986958e-10 2.912148e-11 9.478880e-10 8.391979e-10 6.273595e-11 1.276950e-10 6.100960e-10 6.595398e-10 1.205424e-11 8.068872e-10 1.285559e-09 2.001488e-10 1.498154e-10 5.237611e-10 4.708556e-10 4.623500e-11 4.509579e-10 1.380324e-09 4.802921e-10 1.072962e-10 7.614859e-10 4.765837e-10 5.423351e-11 1.837329e-10 1.031579e-09 6.986958e-10 2.912148e-11 9.478880e-10 8.391979e-10 6.273595e-11 1.276950e-10 6.100960e-10 6.595398e-10 
1.252488e-09 1.339418e-10 1.139972e-09 3.217587e-09 1.193732e-09 3.180077e-10 1.886648e-09 1.303080e-09 1.315593e-10 5.158090e-10 2.503124e-09 1.674452e-09 1.761907e-10 2.245237e-09 2.080536e-09 1.919050e-10 3.408897e-10 1.627770e-09 1.611850e-09 1.144683e-10 1.925584e-09 3.015045e-09 5.527990e-10 3.761703e-10 1.426695e-09 1.252488e-09 1.339418e-10 1.139972e-09 3.217587e-09 1.193732e-09 3.180077e-10 1.886648e-09 1.303080e-09 1.315593e-10 5.158090e-10 2.503124e-09 1.674452e-09 1.761907e-10 2.245237e-09 2.080536e-09 1.919050e-10 3.408897e-10 1.627770e-09 1.611850e-09 
1.233413e-09 2.927241e-10 1.247892e-09 3.010021e-09 1.337702e-09 5.432500e-10 1.809343e-09 1.299365e-09 2.195428e-10 6.244030e-10 2.373140e-09 1.710675e-09 4.965905e-10 2.174749e-09 2.011111e-09 3.177367e-10 4.099917e-10 1.589097e-09 1.579311e-09 3.973501e-10 1.946595e-09 2.839098e-09 7.331968e-10 4.785057e-10 1.395874e-09 1.233413e-09 2.927241e-10 1.247892e-09 3.010021e-09 1.337702e-09 5.432500e-10 1.809343e-09 1.299365e-09 2.195428e-10 6.244030e-10 2.373140e-09 1.710675e-09 4.965905e-10 2.174749e-09 2.011111e-09 3.177367e-10 4.099917e-10 1.589097e-09 1.579311e-09 
5.455339e-10 4.478384e-10 7.708541e-10 1.200655e-09 8.782426e-10 6.342058e-10 7.605737e-10 5.689449e-10 3.242055e-10 4.828705e-10 9.499751e-10 9.210319e-10 7.210003e-10 9.902094e-10 8.491424e-10 3.941311e-10 3.601107e-10 6.453861e-10 7.438515e-10 6.349385e-10 1.004777e-09 1.153156e-09 6.378401e-10 4.542999e-10 5.693415e-10 5.455339e-10 4.478384e-10 7.708541e-10 1.200655e-09 8.782426e-10 6.342058e-10 7.605737e-10 5.689449e-10 3.242055e-10 4.828705e-10 9.499751e-10 9.210319e-10 7.210003e-10 9.902094e-10 8.491424e-10 3.941311e-10 3.601107e-10 6.453861e-10 7.438515e-10 
1.152462e-10 4.291524e-10 3.419573e-10 8.104743e-11 4.186335e-10 5.033792e-10 1.075775e-10 9.885773e-11 3.403759e-10 3.096618e-10 6.569411e-11 3.216705e-10 5.967577e-10 2.052271e-10 1.039637e-10 3.571913e-10 2.893677e-10 5.479438e-11 1.940710e-10 5.568164e-10 3.055735e-10 9.757199e-11 4.193429e-10 3.617372e-10 5.975318e-11 1.152462e-10 4.291524e-10 3.419573e-10 8.104743e-11 4.186335e-10 5.033792e-10 1.075775e-10 9.885773e-11 3.403759e-10 3.096618e-10 6.569411e-11 3.216705e-10 5.967577e-10 2.052271e-10 1.039637e-10 3.571913e-10 2.893677e-10 5.479438e-11 1.940710e-10 
1.052193e-10 2.383283e-10 1.775948e-10 6.453942e-11 2.024176e-10 2.514010e-10 9.388476e-11 9.234375e-11 2.142397e-10 1.836737e-10 6.529088e-11 1.687993e-10 2.763095e-10 1.223623e-10 8.234570e-11 2.110770e-10 1.896321e-10 7.049426e-11 1.307884e-10 2.685891e-10 1.556362e-10 7.139204e-11 2.149022e-10 2.136744e-10 7.818626e-11 1.052193e-10 2.383283e-10 1.775948e-10 6.453942e-11 2.024176e-10 2.514010e-10 9.388476e-11 9.234375e-11 2.142397e-10 1.836737e-10 6.529088e-11 1.687993e-10 2.763095e-10 1.223623e-10 8.234570e-11 2.110770e-10 1.896321e-10 7.049426e-11 1.307884e-10 
7.870159e-11 5.818433e-11 7.132610e-11 7.990614e-11 6.726585e-11 5.911302e-11 7.828644e-11 8.339039e-11 5.967431e-11 6.909123e-11 8.345334e-11 6.809203e-11 5.926572e-11 7.292490e-11 8.306446e-11 6.329751e-11 6.439044e-11 8.649577e-11 7.208962e-11 5.876963e-11 7.134693e-11 8.019538e-11 6.637847e-11 6.037337e-11 8.448503e-11 7.870159e-11 5.818433e-11 7.132610e-11 7.990614e-11 6.726585e-11 5.911302e-11 7.828644e-11 8.339039e-11 5.967431e-11 6.909123e-11 8.345334e-11 6.809203e-11 5.926572e-11 7.292490e-11 8.306446e-11 6.329751e-11 6.439044e-11 8.649577e-11 7.208962e-11 
4.412160e-13 1.272655e-12 9.007179e-12 1.433360e-11 8.830828e-12 2.743571e-12 3.298213e-12 2.736469e-12 4.261600e-13 4.303989e-12 9.450495e-12 7.046554e-12 4.442707e-12 8.196624e-12 8.751574e-12 2.733978e-12 6.394786e-13 3.318845e-12 2.881911e-12 3.590170e-12 1.087343e-11 1.401382e-11 6.692129e-12 4.497578e-13 7.380940e-13 4.412160e-13 1.272655e-12 9.007179e-12 1.433360e-11 8.830828e-12 2.743571e-12 3.298213e-12 2.736469e-12 4.261600e-13 4.303989e-12 9.450495e-12 7.046554e-12 4.442707e-12 8.196624e-12 8.751574e-12 2.733978e-12 6.394786e-13 3.318845e-12 2.881911e-12 
1.098910e-10 1.772953e-11 1.219715e-10 4.137022e-10 1.421067e-10 3.643429e-11 2.089694e-10 1.003229e-10 1.640213e-11 3.707182e-11 2.873310e-10 2.134448e-10 1.007592e-11 2.853045e-10 2.234916e-10 1.051786e-11 2.952573e-11 1.376632e-10 1.899930e-10 5.337213e-12 2.419323e-10 3.810776e-10 4.967895e-11 4.709853e-11 1.134586e-10 1.098910e-10 1.772953e-11 1.219715e-10 4.137022e-10 1.421067e-10 3.643429e-11 2.089694e-10 1.003229e-10 1.640213e-11 3.707182e-11 2.873310e-10 2.134448e-10 1.007592e-11 2.853045e-10 2.234916e-10 1.051786e-11 2.952573e-11 1.376632e-10 1.899930e-10 
2.903421e-10 4.225057e-11 2.992933e-10 9.229731e-10 3.395912e-10 9.901360e-11 4.984259e-10 2.823726e-10 3.153329e-11 1.070007e-10 6.715676e-10 4.884907e-10 5.471426e-11 6.458396e-10 5.373793e-10 3.303336e-11 7.363725e-11 3.705003e-10 4.435913e-10 3.623148e-11 5.533201e-10 8.561368e-10 1.361126e-10 1.076231e-10 3.154097e-10 2.903421e-10 4.225057e-11 2.992933e-10 9.229731e-10 3.395912e-10 9.901359e-11 4.984259e-10 2.823726e-10 3.153329e-11 1.070007e-10 6.715676e-10 4.884907e-10 5.471426e-11 6.458396e-10 5.373793e-10 3.303336e-11 7.363725e-11 3.705003e-10 4.435913e-10 
2.658347e-10 7.966658e-11 3.208426e-10 8.114691e-10 3.703109e-10 1.606703e-10 4.453977e-10 2.682371e-10 4.337202e-11 1.321650e-10 5.987495e-10 4.730387e-10 1.546460e-10 5.884032e-10 4.916538e-10 6.261897e-11 8.024232e-11 3.424379e-10 4.048717e-10 1.219950e-10 5.337543e-10 7.590264e-10 1.863834e-10 1.225926e-10 2.897594e-10 2.658347e-10 7.966658e-11 3.208426e-10 8.114691e-10 3.703109e-10 1.606703e-10 4.453977e-10 2.682371e-10 4.337202e-11 1.321650e-10 5.987495e-10 4.730387e-10 1.546460e-10 5.884032e-10 4.916538e-10 6.261897e-11 8.024232e-11 3.424379e-10 4.048717e-10 
9.973933e-11 1.270037e-10 2.029525e-10 2.785865e-10 2.459790e-10 1.917192e-10 1.587480e-10 1.037427e-10 7.728007e-11 1.165769e-10 2.052525e-10 2.409395e-10 2.321060e-10 2.403479e-10 1.836465e-10 9.991412e-11 7.843936e-11 1.174736e-10 1.689859e-10 2.012226e-10 2.620992e-10 2.681391e-10 1.789147e-10 1.170589e-10 9.675383e-11 9.973933e-11 1.270037e-10 2.029525e-10 2.785865e-10 2.459790e-10 1.917192e-10 1.587480e-10 1.037427e-10 7.728007e-11 1.165769e-10 2.052525e-10 2.409395e-10 2.321060e-10 2.403479e-10 1.836465e-10 9.991412e-11 7.843936e-11 1.174736e-10 1.689859e-10 
2.646176e-11 1.340671e-10 1.084929e-10 5.732038e-12 1.341847e-10 1.631154e-10 2.024684e-11 2.448063e-11 1.008845e-10 9.643733e-11 6.318276e-12 9.490809e-11 2.003839e-10 5.162138e-11 2.278254e-11 1.107683e-10 8.462929e-11 8.847431e-12 4.919148e-11 1.845827e-10 9.077489e-11 1.337783e-11 1.364745e-10 1.087685e-10 9.660982e-12 2.646176e-11 1.340671e-10 1.084929e-10 5.732038e-12 1.341847e-10 1.631154e-10 2.024684e-11 2.448063e-11 1.008845e-10 9.643733e-11 6.318276e-12 9.490809e-11 2.003839e-10 5.162138e-11 2.278254e-11 1.107683e-10 8.462929e-11 8.847431e-12 4.919148e-11 
4.808307e-11 8.213359e-11 7.093949e-11 4.257271e-11 7.875621e-11 8.889701e-11 4.672298e-11 4.583558e-11 7.344991e-11 6.882325e-11 4.137589e-11 6.883353e-11 9.796232e-11 5.642365e-11 4.554944e-11 7.450779e-11 6.769845e-11 4.084309e-11 5.613717e-11 9.428011e-11 6.660029e-11 4.433411e-11 7.964545e-11 7.511872e-11 4.179643e-11 4.808307e-11 8.213359e-11 7.093949e-11 4.257271e-11 7.875621e-11 8.889701e-11 4.672298e-11 4.583558e-11 7.344991e-11 6.882325e-11 4.137589e-11 6.883353e-11 9.796232e-11 5.642365e-11 4.554944e-11 7.450779e-11 6.769845e-11 4.084309e-11 5.613717e-11 
3.379225e-11 2.199282e-11 3.019829e-11 3.601584e-11 2.814821e-11 2.295767e-11 3.405383e-11 3.651352e-11 2.254143e-11 2.825381e-11 3.743568e-11 2.868760e-11 2.326324e-11 3.157111e-11 3.699113e-11 2.476822e-11 2.528943e-11 3.844221e-11 3.051381e-11 2.277771e-11 3.073954e-11 3.607413e-11 2.709384e-11 2.323344e-11 3.711806e-11 3.379225e-11 2.199282e-11 3.019829e-11 3.601584e-11 2.814821e-11 2.295767e-11 3.405383e-11 3.651352e-11 2.254143e-11 2.825381e-11 3.743568e-11 2.868760e-11 2.326324e-11 3.157111e-11 3.699113e-11 2.476822e-11 2.528943e-11 3.844221e-11 3.051381e-11 
6.709401e-13 6.272618e-13 4.242865e-12 5.109457e-12 3.932117e-12 1.416844e-12 1.347024e-12 2.031546e-12 1.739171e-13 2.399578e-12 3.894541e-12 2.642351e-12 2.514257e-12 2.874790e-12 3.976519e-12 1.517906e-12 4.485942e-13 2.232715e-12 9.838609e-13 2.036960e-12 4.355535e-12 5.198563e-12 3.410250e-12 1.378747e-13 1.102567e-12 6.709401e-13 6.272618e-13 4.242865e-12 5.109457e-12 3.932117e-12 1.416844e-12 1.347024e-12 2.031546e-12 1.739171e-13 2.399578e-12 3.894541e-12 2.642351e-12 2.514257e-12 2.874790e-12 3.976519e-12 1.517906e-12 4.485942e-13 2.232715e-12 9.838609e-13 
3.222357e-11 7.695300e-12 4.150196e-11 1.506667e-10 5.180886e-11 1.486714e-11 7.130884e-11 2.596737e-11 6.057249e-12 9.203611e-12 9.920400e-11 7.907020e-11 4.786294e-12 1.043628e-10 7.447121e-11 1.931097e-12 8.606946e-12 3.887947e-11 6.736310e-11 3.021329e-12 8.847714e-11 1.377663e-10 1.595481e-11 1.786615e-11 3.045334e-11 3.222357e-11 7.695300e-12 4.150196e-11 1.506667e-10 5.180886e-11 1.486714e-11 7.130884e-11 2.596737e-11 6.057249e-12 9.203611e-12 9.920400e-11 7.907020e-11 4.786293e-12 1.043628e-10 7.447121e-11 1.931097e-12 8.606946e-12 3.887947e-11 6.736310e-11 
8.377196e-11 1.714077e-11 9.918323e-11 3.230124e-10 1.201593e-10 3.882082e-11 1.633385e-10 7.535836e-11 1.006209e-11 2.791708e-11 2.230312e-10 1.743101e-10 2.326056e-11 2.270392e-10 1.730002e-10 6.926364e-12 2.003572e-11 1.047478e-10 1.506954e-10 1.617041e-11 1.952499e-10 2.975154e-10 4.374004e-11 3.850161e-11 8.601305e-11 8.377196e-11 1.714077e-11 9.918323e-11 3.230124e-10 1.201593e-10 3.882082e-11 1.633385e-10 7.535836e-11 1.006209e-11 2.791708e-11 2.230312e-10 1.743101e-10 2.326056e-11 2.270392e-10 1.730002e-10 6.926364e-12 2.003572e-11 1.047478e-10 1.506954e-10 
6.973531e-11 2.932630e-11 1.049944e-10 2.653640e-10 1.285528e-10 6.118445e-11 1.345369e-10 6.726505e-11 1.146064e-11 3.663297e-11 1.854158e-10 1.605328e-10 6.313728e-11 1.941063e-10 1.487438e-10 1.712417e-11 1.957960e-11 9.014993e-11 1.275210e-10 4.990980e-11 1.801311e-10 2.470125e-10 6.281253e-11 4.037041e-11 7.235408e-11 6.973531e-11 2.932630e-11 1.049944e-10 2.653640e-10 1.285528e-10 6.118446e-11 1.345369e-10 6.726505e-11 1.146064e-11 3.663297e-11 1.854158e-10 1.605328e-10 6.313728e-11 1.941063e-10 1.487438e-10 1.712417e-11 1.957960e-11 9.014993e-11 1.275210e-10 
2.101890e-11 4.704174e-11 6.961684e-11 7.584922e-11 8.761072e-11 7.374067e-11 3.888840e-11 2.304432e-11 2.484537e-11 3.872486e-11 5.266585e-11 7.826572e-11 9.415781e-11 7.063318e-11 4.883889e-11 3.494718e-11 2.294143e-11 2.501609e-11 4.661780e-11 8.101025e-11 8.524969e-11 7.402864e-11 6.623383e-11 3.923012e-11 1.789392e-11 2.101890e-11 4.704174e-11 6.961684e-11 7.584922e-11 8.761072e-11 7.374067e-11 3.888840e-11 2.304432e-11 2.484537e-11 3.872486e-11 5.266585e-11 7.826572e-11 9.415781e-11 7.063318e-11 4.883889e-11 3.494718e-11 2.294143e-11 2.501609e-11 4.661780e-11 
1.067431e-11 5.227910e-11 4.470056e-11 2.952090e-14 5.454426e-11 6.528183e-11 7.114571e-12 1.147885e-11 3.811545e-11 3.916971e-11 2.252938e-12 3.685230e-11 8.203328e-11 1.879654e-11 9.872049e-12 4.377532e-11 3.236969e-11 5.308366e-12 1.801445e-11 7.491672e-11 3.600225e-11 3.742928e-12 5.593265e-11 4.156361e-11 5.111945e-12 1.067431e-11 5.227910e-11 4.470056e-11 2.952090e-14 5.454426e-11 6.528183e-11 7.114571e-12 1.147885e-11 3.811545e-11 3.916971e-11 2.252938e-12 3.685230e-11 8.203328e-11 1.879654e-11 9.872049e-12 4.377532e-11 3.236969e-11 5.308366e-12 1.801445e-11 
2.480447e-11 3.385756e-11 3.324468e-11 2.719671e-11 3.626195e-11 3.745316e-11 2.570377e-11 2.456578e-11 3.023404e-11 3.048357e-11 2.550390e-11 3.330232e-11 4.108357e-11 2.997145e-11 2.621444e-11 3.133359e-11 2.893759e-11 2.365220e-11 2.824303e-11 3.923172e-11 3.332122e-11 2.750313e-11 3.490540e-11 3.173583e-11 2.333665e-11 2.480447e-11 3.385756e-11 3.324468e-11 2.719671e-11 3.626195e-11 3.745316e-11 2.570377e-11 2.456578e-11 3.023404e-11 3.048357e-11 2.550390e-11 3.330232e-11 4.108357e-11 2.997145e-11 2.621444e-11 3.133359e-11 2.893759e-11 2.365220e-11 2.824303e-11 
1.628288e-11 9.612120e-12 1.448131e-11 1.869840e-11 1.351542e-11 1.030299e-11 1.683563e-11 1.771480e-11 9.822421e-12 1.302886e-11 1.896047e-11 1.405253e-11 1.043955e-11 1.584522e-11 1.847394e-11 1.103207e-11 1.135826e-11 1.890583e-11 1.487302e-11 1.011154e-11 1.526469e-11 1.860551e-11 1.253292e-11 1.037271e-11 1.809237e-11 1.628288e-11 9.612120e-12 1.448131e-11 1.869840e-11 1.351542e-11 1.030299e-11 1.683563e-11 1.771480e-11 9.822421e-12 1.302886e-11 1.896047e-11 1.405253e-11 1.043955e-11 1.584522e-11 1.847394e-11 1.103207e-11 1.135826e-11 1.890583e-11 1.487302e-11 
5.783674e-13 3.500535e-13 2.154261e-12 1.800966e-12 1.883857e-12 7.867803e-13 5.946922e-13 1.398349e-12 1.010187e-13 1.409980e-12 1.710519e-12 1.018073e-12 1.477918e-12 9.879302e-13 1.950302e-12 8.995941e-13 3.216709e-13 1.462952e-12 3.314007e-13 1.204604e-12 1.839325e-12 1.961280e-12 1.859503e-12 5.487223e-14 9.346577e-13 5.783674e-13 3.500535e-13 2.154261e-12 1.800966e-12 1.883857e-12 7.867803e-13 5.946922e-13 1.398349e-12 1.010187e-13 1.409980e-12 1.710519e-12 1.018073e-12 1.477918e-12 9.879302e-13 1.950302e-12 8.995941e-13 3.216709e-13 1.462952e-12 3.314008e-13 
1.103479e-11 3.535302e-12 1.633024e-11 6.129447e-11 2.135228e-11 6.688153e-12 2.771995e-11 7.826798e-12 2.450320e-12 2.717067e-12 3.894930e-11 3.264472e-11 2.612641e-12 4.261883e-11 2.854338e-11 3.493483e-13 2.911189e-12 1.289265e-11 2.691206e-11 1.809171e-12 3.626293e-11 5.580631e-11 6.160495e-12 7.470543e-12 9.529684e-12 1.103479e-11 3.535302e-12 1.633024e-11 6.129447e-11 2.135228e-11 6.688153e-12 2.771995e-11 7.826798e-12 2.450320e-12 2.717067e-12 3.894930e-11 3.264472e-11 2.612641e-12 4.261883e-11 2.854338e-11 3.493483e-13 2.911189e-12 1.289265e-11 2.691206e-11 
2.796017e-11 7.758091e-12 3.834286e-11 1.276212e-10 4.868677e-11 1.722631e-11 6.126632e-11 2.326934e-11 3.692886e-12 8.744570e-12 8.478218e-11 7.019717e-11 1.152785e-11 9.009557e-11 6.431089e-11 1.730547e-12 6.297396e-12 3.442700e-11 5.818948e-11 8.336734e-12 7.814829e-11 1.170474e-10 1.697959e-11 1.554923e-11 2.704970e-11 2.796017e-11 7.758091e-12 3.834286e-11 1.276212e-10 4.868677e-11 1.722631e-11 6.126632e-11 2.326934e-11 3.692886e-12 8.744570e-12 8.478218e-11 7.019717e-11 1.152785e-11 9.009557e-11 6.431089e-11 1.730547e-12 6.297396e-12 3.442700e-11 5.818948e-11 
2.061708e-11 1.277439e-11 4.054853e-11 9.780686e-11 5.163180e-11 2.692959e-11 4.613860e-11 1.925480e-11 3.709633e-12 1.274936e-11 6.547891e-11 6.185868e-11 2.985000e-11 7.235156e-11 5.188842e-11 6.305627e-12 5.546468e-12 2.715287e-11 4.555807e-11 2.376021e-11 6.938026e-11 9.092464e-11 2.574066e-11 1.544998e-11 2.015037e-11 2.061708e-11 1.277439e-11 4.054853e-11 9.780686e-11 5.163180e-11 2.692959e-11 4.613860e-11 1.925480e-11 3.709633e-12 1.274936e-11 6.547892e-11 6.185868e-11 2.985000e-11 7.235156e-11 5.188842e-11 6.305627e-12 5.546468e-12 2.715287e-11 4.555807e-11 
4.711563e-12 2.057019e-11 2.875803e-11 2.233140e-11 3.660619e-11 3.281557e-11 1.019809e-11 6.324340e-12 9.935126e-12 1.633096e-11 1.492941e-11 2.940455e-11 4.368785e-11 2.342159e-11 1.522679e-11 1.526461e-11 8.568884e-12 6.026859e-12 1.451396e-11 3.748260e-11 3.229864e-11 2.254928e-11 2.934623e-11 1.569422e-11 3.102067e-12 4.711563e-12 2.057019e-11 2.875803e-11 2.233140e-11 3.660619e-11 3.281557e-11 1.019809e-11 6.324340e-12 9.935126e-12 1.633096e-11 1.492941e-11 2.940455e-11 4.368785e-11 2.342159e-11 1.522679e-11 1.526461e-11 8.568884e-12 6.026859e-12 1.451396e-11 
6.151641e-12 2.350846e-11 2.161043e-11 1.088245e-12 2.574047e-11 2.982796e-11 4.312100e-12 7.210872e-12 1.693373e-11 1.870932e-11 2.686838e-12 1.725638e-11 3.791348e-11 9.187044e-12 6.353569e-12 2.016320e-11 1.478607e-11 4.623605e-12 8.729257e-12 3.444605e-11 1.731961e-11 2.939822e-12 2.638578e-11 1.861603e-11 4.246223e-12 6.151641e-12 2.350846e-11 2.161043e-11 1.088245e-12 2.574047e-11 2.982796e-11 4.312100e-12 7.210872e-12 1.693373e-11 1.870932e-11 2.686838e-12 1.725638e-11 3.791348e-11 9.187044e-12 6.353569e-12 2.016320e-11 1.478607e-11 4.623605e-12 8.729257e-12 
1.375559e-11 1.573594e-11 1.718574e-11 1.763160e-11 1.858010e-11 1.770482e-11 1.507648e-11 1.380319e-11 1.408434e-11 1.496776e-11 1.594070e-11 1.797682e-11 1.916822e-11 1.738755e-11 1.563496e-11 1.474725e-11 1.391764e-11 1.394095e-11 1.569196e-11 1.820593e-11 1.838146e-11 1.748170e-11 1.698386e-11 1.518223e-11 1.348231e-11 1.375559e-11 1.573594e-11 1.718574e-11 1.763160e-11 1.858010e-11 1.770482e-11 1.507648e-11 1.380319e-11 1.408434e-11 1.496776e-11 1.594070e-11 1.797682e-11 1.916822e-11 1.738755e-11 1.563496e-11 1.474725e-11 1.391764e-11 1.394095e-11 1.569196e-11 
8.465298e-12 4.683068e-12 7.532988e-12 1.088536e-11 7.154852e-12 5.129632e-12 9.160172e-12 9.121193e-12 4.768285e-12 6.452465e-12 1.051043e-11 7.755457e-12 5.084909e-12 8.956026e-12 9.988927e-12 5.337355e-12 5.602892e-12 9.885341e-12 8.093133e-12 4.892725e-12 8.448875e-12 1.069786e-11 6.254442e-12 5.201503e-12 9.394761e-12 8.465298e-12 4.683068e-12 7.532988e-12 1.088536e-11 7.154852e-12 5.129632e-12 9.160172e-12 9.121193e-12 4.768285e-12 6.452465e-12 1.051043e-11 7.755457e-12 5.084909e-12 8.956026e-12 9.988927e-12 5.337355e-12 5.602892e-12 9.885341e-12 8.093133e-12 
3.894868e-13 2.084171e-13 1.088663e-12 5.232292e-13 9.020114e-13 4.418057e-13 2.433984e-13 8.599770e-13 7.377106e-14 8.068312e-13 7.195662e-13 3.617295e-13 8.533223e-13 2.703505e-13 9.355801e-13 5.277065e-13 2.163157e-13 8.697279e-13 8.167523e-14 7.024932e-13 7.519010e-13 6.584587e-13 1.006809e-12 3.340777e-14 6.256973e-13 3.894868e-13 2.084171e-13 1.088663e-12 5.232292e-13 9.020114e-13 4.418057e-13 2.433984e-13 8.599770e-13 7.377106e-14 8.068312e-13 7.195662e-13 3.617295e-13 8.533223e-13 2.703505e-13 9.355801e-13 5.277065e-13 2.163157e-13 8.697279e-13 8.167523e-14 
4.205397e-12 1.632802e-12 6.995577e-12 2.631579e-11 9.367349e-12 3.118503e-12 1.155356e-11 2.717965e-12 1.006159e-12 9.699535e-13 1.639295e-11 1.417854e-11 1.463155e-12 1.834156e-11 1.187132e-11 6.706575e-14 1.073618e-12 4.844682e-12 1.140269e-11 1.056218e-12 1.572121e-11 2.391937e-11 2.687544e-12 3.235142e-12 3.387529e-12 4.205397e-12 1.632802e-12 6.995577e-12 2.631579e-11 9.367349e-12 3.118503e-12 1.155356e-11 2.717965e-12 1.006159e-12 9.699535e-13 1.639295e-11 1.417854e-11 1.463155e-12 1.834156e-11 1.187132e-11 6.706574e-14 1.073618e-12 4.844682e-12 1.140269e-11 
1.032334e-11 3.662721e-12 1.642948e-11 5.424327e-11 2.142481e-11 8.120096e-12 2.497994e-11 8.100044e-12 1.430560e-12 3.270475e-12 3.511443e-11 3.032824e-11 6.068094e-12 3.839570e-11 2.631076e-11 5.795030e-13 2.171906e-12 1.269036e-11 2.423009e-11 4.499034e-12 3.375275e-11 4.966382e-11 7.522476e-12 6.670171e-12 9.468552e-12 1.032334e-11 3.662721e-12 1.642948e-11 5.424327e-11 2.142481e-11 8.120096e-12 2.497994e-11 8.100044e-12 1.430560e-12 3.270475e-12 3.511443e-11 3.032824e-11 6.068094e-12 3.839570e-11 2.631076e-11 5.795030e-13 2.171906e-12 1.269036e-11 2.423009e-11 
6.527484e-12 6.104364e-12 1.760165e-11 3.891708e-11 2.280441e-11 1.283883e-11 1.709957e-11 6.144945e-12 1.424422e-12 5.425166e-12 2.524502e-11 2.581174e-11 1.518593e-11 2.910124e-11 2.003369e-11 2.981475e-12 1.797652e-12 9.047504e-12 1.755508e-11 1.218057e-11 2.914564e-11 3.626608e-11 1.202640e-11 6.472641e-12 5.953672e-12 6.527484e-12 6.104364e-12 1.760165e-11 3.891708e-11 2.280441e-11 1.283883e-11 1.709957e-11 6.144945e-12 1.424422e-12 5.425166e-12 2.524502e-11 2.581174e-11 1.518593e-11 2.910124e-11 2.003369e-11 2.981475e-12 1.797652e-12 9.047504e-12 1.755508e-11 
1.128423e-12 9.974595e-12 1.352234e-11 6.741030e-12 1.701033e-11 1.592854e-11 2.653218e-12 2.389220e-12 4.675370e-12 8.115755e-12 4.543882e-12 1.224027e-11 2.186951e-11 8.433230e-12 5.555146e-12 7.701917e-12 3.928505e-12 1.815836e-12 4.896350e-12 1.877193e-11 1.369086e-11 7.304708e-12 1.454874e-11 7.095617e-12 4.327915e-13 1.128423e-12 9.974595e-12 1.352234e-11 6.741030e-12 1.701033e-11 1.592854e-11 2.653218e-12 2.389220e-12 4.675370e-12 8.115755e-12 4.543881e-12 1.224027e-11 2.186951e-11 8.433230e-12 5.555146e-12 7.701917e-12 3.928505e-12 1.815836e-12 4.896350e-12 
4.058462e-12 1.159866e-11 1.149191e-11 1.837242e-12 1.331964e-11 1.481019e-11 3.166869e-12 4.877755e-12 8.399759e-12 9.853856e-12 2.742178e-12 9.114202e-12 1.886477e-11 5.382485e-12 4.534020e-12 1.023912e-11 7.588883e-12 3.767169e-12 5.021761e-12 1.710206e-11 9.387113e-12 2.768681e-12 1.356133e-11 9.269954e-12 3.427265e-12 4.058462e-12 1.159866e-11 1.149191e-11 1.837242e-12 1.331964e-11 1.481019e-11 3.166869e-12 4.877755e-12 8.399759e-12 9.853856e-12 2.742178e-12 9.114202e-12 1.886477e-11 5.382485e-12 4.534020e-12 1.023912e-11 7.588883e-12 3.767169e-12 5.021761e-12 
7.982996e-12 7.947772e-12 9.443123e-12 1.168314e-11 1.020641e-11 9.042295e-12 9.242456e-12 7.974619e-12 7.160161e-12 7.825704e-12 1.015859e-11 1.044685e-11 9.557935e-12 1.070309e-11 9.580878e-12 7.464557e-12 7.248255e-12 8.341159e-12 9.316394e-12 9.055277e-12 1.081328e-11 1.139923e-11 8.813486e-12 7.930325e-12 7.970604e-12 7.982996e-12 7.947772e-12 9.443123e-12 1.168314e-11 1.020641e-11 9.042295e-12 9.242456e-12 7.974619e-12 7.160161e-12 7.825705e-12 1.015859e-11 1.044685e-11 9.557935e-12 1.070309e-11 9.580878e-12 7.464557e-12 7.248255e-12 8.341159e-12 9.316394e-12 
4.616112e-12 2.493192e-12 4.126109e-12 6.988535e-12 4.076002e-12 2.764096e-12 5.381160e-12 4.807145e-12 2.532110e-12 3.298640e-12 6.257978e-12 4.736842e-12 2.582325e-12 5.604327e-12 5.713655e-12 2.707071e-12 2.956852e-12 5.320967e-12 4.831285e-12 2.486559e-12 5.113369e-12 6.743912e-12 3.241358e-12 2.883090e-12 5.030437e-12 4.616112e-12 2.493192e-12 4.126109e-12 6.988535e-12 4.076002e-12 2.764096e-12 5.381160e-12 4.807145e-12 2.532110e-12 3.298640e-12 6.257978e-12 4.736842e-12 2.582325e-12 5.604327e-12 5.713655e-12 2.707071e-12 2.956852e-12 5.320967e-12 4.831285e-12 
2.212566e-13 1.332932e-13 5.077349e-13 7.404005e-14 4.046176e-13 2.432678e-13 8.846921e-14 4.555300e-13 6.720599e-14 4.223811e-13 2.634685e-13 1.124334e-13 4.573412e-13 3.299651e-14 4.034626e-13 2.922437e-13 1.403094e-13 4.465346e-13 8.969804e-15 3.840005e-13 2.770721e-13 1.588352e-13 5.044912e-13 3.977301e-14 3.468151e-13 2.212566e-13 1.332932e-13 5.077349e-13 7.404005e-14 4.046176e-13 2.432678e-13 8.846921e-14 4.555300e-13 6.720599e-14 4.223811e-13 2.634685e-13 1.124334e-13 4.573412e-13 3.299651e-14 4.034626e-13 2.922437e-13 1.403094e-13 4.465346e-13 8.969805e-15 
1.719798e-12 7.076352e-13 3.092796e-12 1.134175e-11 4.139131e-12 1.408951e-12 4.901259e-12 1.111266e-12 3.845078e-13 4.285489e-13 7.036215e-12 6.141903e-12 7.671916e-13 7.897648e-12 5.104363e-12 2.703977e-14 4.076523e-13 2.020587e-12 4.854671e-12 5.583685e-13 6.844101e-12 1.031846e-11 1.240851e-12 1.360945e-12 1.364885e-12 1.719798e-12 7.076352e-13 3.092796e-12 1.134175e-11 4.139131e-12 1.408951e-12 4.901259e-12 1.111266e-12 3.845078e-13 4.285489e-13 7.036215e-12 6.141903e-12 7.671916e-13 7.897648e-12 5.104363e-12 2.703977e-14 4.076523e-13 2.020587e-12 4.854671e-12 
4.088651e-12 1.709502e-12 7.504573e-12 2.395861e-11 9.822527e-12 3.850438e-12 1.065141e-11 3.175097e-12 5.490374e-13 1.463420e-12 1.530127e-11 1.351400e-11 3.165674e-12 1.692562e-11 1.145598e-11 2.939213e-13 7.986022e-13 5.147895e-12 1.044726e-11 2.376316e-12 1.515405e-11 2.195433e-11 3.612640e-12 2.890261e-12 3.630584e-12 4.088651e-12 1.709502e-12 7.504573e-12 2.395861e-11 9.822527e-12 3.850438e-12 1.065141e-11 3.175097e-12 5.490374e-13 1.463420e-12 1.530127e-11 1.351400e-11 3.165674e-12 1.692562e-11 1.145598e-11 2.939214e-13 7.986022e-13 5.147895e-12 1.044726e-11 
2.123571e-12 3.040570e-12 8.279879e-12 1.631121e-11 1.066112e-11 6.307453e-12 6.612751e-12 2.202971e-12 6.553384e-13 2.709051e-12 1.036458e-11 1.127074e-11 7.881326e-12 1.224783e-11 8.368337e-12 1.664895e-12 6.975049e-13 3.295811e-12 7.030606e-12 6.370477e-12 1.295036e-11 1.529732e-11 6.074769e-12 2.841969e-12 1.793848e-12 2.123571e-12 3.040570e-12 8.279879e-12 1.631121e-11 1.066112e-11 6.307453e-12 6.612751e-12 2.202971e-12 6.553384e-13 2.709051e-12 1.036458e-11 1.127074e-11 7.881326e-12 1.224783e-11 8.368337e-12 1.664895e-12 6.975049e-13 3.295811e-12 7.030606e-12 
3.688145e-13 5.130485e-12 6.918468e-12 2.033075e-12 8.429882e-12 8.070505e-12 6.285929e-13 1.297963e-12 2.476405e-12 4.462263e-12 1.536829e-12 5.453552e-12 1.132267e-11 3.222727e-12 2.428328e-12 4.239119e-12 2.104637e-12 8.435839e-13 1.745060e-12 9.751846e-12 6.296735e-12 2.522323e-12 7.689433e-12 3.474616e-12 1.120935e-13 3.688145e-13 5.130485e-12 6.918468e-12 2.033075e-12 8.429882e-12 8.070505e-12 6.285929e-13 1.297963e-12 2.476405e-12 4.462263e-12 1.536829e-12 5.453553e-12 1.132267e-11 3.222727e-12 2.428328e-12 4.239119e-12 2.104637e-12 8.435839e-13 1.745060e-12 
2.770419e-12 6.057756e-12 6.434642e-12 1.889228e-12 7.246528e-12 7.706212e-12 2.354845e-12 3.327704e-12 4.482831e-12 5.494235e-12 2.357437e-12 5.136369e-12 9.761959e-12 3.403678e-12 3.234735e-12 5.524111e-12 4.194329e-12 2.855393e-12 3.126340e-12 8.856651e-12 5.407925e-12 2.357762e-12 7.316567e-12 4.933865e-12 2.598995e-12 2.770419e-12 6.057756e-12 6.434642e-12 1.889228e-12 7.246528e-12 7.706212e-12 2.354845e-12 3.327704e-12 4.482831e-12 5.494235e-12 2.357437e-12 5.136369e-12 9.761959e-12 3.403678e-12 3.234735e-12 5.524111e-12 4.194329e-12 2.855393e-12 3.126340e-12 
4.755979e-12 4.253053e-12 5.369769e-12 7.884370e-12 5.855184e-12 4.857222e-12 5.835659e-12 4.653216e-12 3.876246e-12 4.227431e-12 6.569804e-12 6.381500e-12 4.937822e-12 6.857599e-12 5.966460e-12 3.946378e-12 3.980771e-12 5.014770e-12 5.784789e-12 4.684090e-12 6.632376e-12 7.580513e-12 4.731705e-12 4.413234e-12 4.758858e-12 4.755979e-12 4.253053e-12 5.369769e-12 7.884370e-12 5.855184e-12 4.857222e-12 5.835659e-12 4.653216e-12 3.876246e-12 4.227431e-12 6.569804e-12 6.381500e-12 4.937822e-12 6.857599e-12 5.966460e-12 3.946378e-12 3.980771e-12 5.014770e-12 5.784789e-12 
2.584743e-12 1.438744e-12 2.329898e-12 4.898485e-12 2.467581e-12 1.590914e-12 3.383007e-12 2.495160e-12 1.461410e-12 1.670342e-12 3.967469e-12 3.171581e-12 1.315554e-12 3.844309e-12 3.410605e-12 1.394152e-12 1.642158e-12 2.858693e-12 3.138435e-12 1.284357e-12 3.353249e-12 4.620183e-12 1.682369e-12 1.756742e-12 2.692495e-12 2.584743e-12 1.438744e-12 2.329898e-12 4.898485e-12 2.467581e-12 1.590914e-12 3.383007e-12 2.495160e-12 1.461410e-12 1.670342e-12 3.967469e-12 3.171581e-12 1.315554e-12 3.844309e-12 3.410605e-12 1.394152e-12 1.642158e-12 2.858693e-12 3.138435e-12 
1.136428e-13 1.013074e-13 1.962107e-13 1.669277e-14 1.651789e-13 1.357268e-13 5.838123e-14 1.844081e-13 7.817172e-14 1.823698e-13 9.540262e-14 6.638675e-14 2.067114e-13 2.926819e-14 1.475039e-13 1.470725e-13 9.858443e-14 1.763027e-13 3.812946e-14 1.834340e-13 1.090513e-13 4.741013e-14 2.075115e-13 6.838547e-14 1.512356e-13 1.136428e-13 1.013074e-13 1.962107e-13 1.669277e-14 1.651789e-13 1.357268e-13 5.838123e-14 1.844082e-13 7.817172e-14 1.823698e-13 9.540262e-14 6.638675e-14 2.067114e-13 2.926818e-14 1.475039e-13 1.470725e-13 9.858443e-14 1.763027e-13 3.812946e-14 
7.451954e-13 2.528500e-13 1.336926e-12 4.618323e-12 1.719560e-12 5.524761e-13 2.002531e-12 5.637484e-13 1.209968e-13 2.390196e-13 2.923823e-12 2.472604e-12 3.313656e-13 3.185901e-12 2.169899e-12 3.265237e-14 1.592376e-13 9.385340e-13 1.946351e-12 2.347369e-13 2.804716e-12 4.222490e-12 5.699418e-13 5.056369e-13 6.447955e-13 7.451954e-13 2.528500e-13 1.336926e-12 4.618323e-12 1.719560e-12 5.524761e-13 2.002531e-12 5.637484e-13 1.209968e-13 2.390196e-13 2.923823e-12 2.472604e-12 3.313656e-13 3.185901e-12 2.169899e-12 3.265237e-14 1.592376e-13 9.385340e-13 1.946351e-12 
1.702323e-12 7.364423e-13 3.540085e-12 1.069221e-11 4.508152e-12 1.713406e-12 4.591716e-12 1.428888e-12 2.030475e-13 7.773373e-13 6.832469e-12 5.971224e-12 1.512669e-12 7.455040e-12 5.186303e-12 2.087957e-13 3.206036e-13 2.286117e-12 4.485161e-12 1.136768e-12 6.839318e-12 9.836707e-12 1.796916e-12 1.192487e-12 1.527373e-12 1.702323e-12 7.364423e-13 3.540085e-12 1.069221e-11 4.508152e-12 1.713406e-12 4.591716e-12 1.428888e-12 2.030475e-13 7.773373e-13 6.832469e-12 5.971224e-12 1.512669e-12 7.455040e-12 5.186303e-12 2.087957e-13 3.206036e-13 2.286117e-12 4.485161e-12 
6.805734e-13 1.509071e-12 4.099263e-12 7.153572e-12 5.099026e-12 3.028693e-12 2.599753e-12 9.167774e-13 3.719427e-13 1.509187e-12 4.501374e-12 4.997537e-12 3.954891e-12 5.280815e-12 3.758908e-12 1.017431e-12 3.532410e-13 1.324028e-12 2.831748e-12 3.225937e-12 5.952592e-12 6.778697e-12 3.174415e-12 1.253875e-12 5.299697e-13 6.805734e-13 1.509071e-12 4.099263e-12 7.153572e-12 5.099026e-12 3.028693e-12 2.599753e-12 9.167774e-13 3.719427e-13 1.509187e-12 4.501374e-12 4.997537e-12 3.954891e-12 5.280815e-12 3.758908e-12 1.017431e-12 3.532410e-13 1.324028e-12 2.831748e-12 
2.275614e-13 2.694285e-12 3.709487e-12 6.392079e-13 4.283974e-12 4.092419e-12 1.166642e-13 8.893519e-13 1.419968e-12 2.594587e-12 6.536129e-13 2.494337e-12 5.829317e-12 1.272988e-12 1.285726e-12 2.447011e-12 1.249421e-12 5.886536e-13 6.328047e-13 5.056451e-12 3.042226e-12 9.848644e-13 4.175951e-12 1.767932e-12 1.653505e-13 2.275614e-13 2.694285e-12 3.709487e-12 6.392079e-13 4.283974e-12 4.092419e-12 1.166642e-13 8.893520e-13 1.419968e-12 2.594587e-12 6.536129e-13 2.494337e-12 5.829317e-12 1.272988e-12 1.285726e-12 2.447011e-12 1.249422e-12 5.886536e-13 6.328047e-13 
1.886625e-12 3.248086e-12 3.667299e-12 1.543462e-12 3.993529e-12 4.066743e-12 1.679018e-12 2.253021e-12 2.498246e-12 3.155225e-12 1.801241e-12 2.933549e-12 5.093378e-12 2.148975e-12 2.235689e-12 3.082207e-12 2.419249e-12 2.059110e-12 1.970616e-12 4.641018e-12 3.148628e-12 1.782194e-12 4.024675e-12 2.712104e-12 1.883328e-12 1.886625e-12 3.248086e-12 3.667299e-12 1.543462e-12 3.993529e-12 4.066743e-12 1.679018e-12 2.253021e-12 2.498246e-12 3.155225e-12 1.801241e-12 2.933549e-12 5.093378e-12 2.148975e-12 2.235689e-12 3.082207e-12 2.419249e-12 2.059110e-12 1.970616e-12 
2.860038e-12 2.365694e-12 3.086749e-12 5.377806e-12 3.433093e-12 2.685673e-12 3.746416e-12 2.687405e-12 2.195165e-12 2.294838e-12 4.273940e-12 4.023396e-12 2.566724e-12 4.504320e-12 3.727624e-12 2.125267e-12 2.259054e-12 2.983671e-12 3.695733e-12 2.452041e-12 4.166176e-12 5.095861e-12 2.554748e-12 2.569868e-12 2.824170e-12 2.860038e-12 2.365694e-12 3.086749e-12 5.377806e-12 3.433093e-12 2.685673e-12 3.746416e-12 2.687405e-12 2.195165e-12 2.294838e-12 4.273940e-12 4.023396e-12 2.566724e-12 4.504320e-12 3.727624e-12 2.125267e-12 2.259054e-12 2.983671e-12 3.695733e-12 
1.466959e-12 9.027714e-13 1.340780e-12 3.727114e-12 1.587194e-12 9.774132e-13 2.279581e-12 1.208028e-12 9.206227e-13 7.906762e-13 2.683249e-12 2.318729e-12 6.414044e-13 2.875081e-12 2.120546e-12 7.053070e-13 9.550911e-13 1.480357e-12 2.216971e-12 6.520283e-13 2.380693e-12 3.429419e-12 8.377482e-13 1.179135e-12 1.391207e-12 1.466959e-12 9.027714e-13 1.340780e-12 3.727114e-12 1.587194e-12 9.774132e-13 2.279581e-12 1.208028e-12 9.206227e-13 7.906762e-13 2.683249e-12 2.318729e-12 6.414044e-13 2.875081e-12 2.120546e-12 7.053070e-13 9.550911e-13 1.480357e-12 2.216971e-12 
7.937614e-14 1.066083e-13 5.885270e-14 1.794124e-13 8.786063e-14 9.731650e-14 1.257494e-13 3.551992e-14 1.104148e-13 5.022879e-14 1.124911e-13 1.451485e-13 6.229523e-14 1.651782e-13 7.676281e-14 7.165881e-14 9.505330e-14 4.110905e-14 1.438512e-13 7.081875e-14 1.235788e-13 1.584530e-13 4.945511e-14 1.227542e-13 5.215931e-14 7.937614e-14 1.066083e-13 5.885270e-14 1.794124e-13 8.786063e-14 9.731650e-14 1.257494e-13 3.551992e-14 1.104148e-13 5.022879e-14 1.124911e-13 1.451485e-13 6.229523e-14 1.651782e-13 7.676281e-14 7.165880e-14 9.505330e-14 4.110905e-14 1.438512e-13 
3.701384e-13 5.372119e-14 5.442255e-13 1.600443e-12 6.009324e-13 1.406403e-13 7.416989e-13 3.845280e-13 3.753742e-14 1.841066e-13 1.109648e-12 8.050482e-13 8.321401e-14 1.066477e-12 8.886152e-13 6.250626e-14 9.072694e-14 5.208148e-13 6.637120e-13 5.278913e-14 9.678107e-13 1.488805e-12 2.616061e-13 1.389296e-13 3.950438e-13 3.701384e-13 5.372119e-14 5.442255e-13 1.600443e-12 6.009324e-13 1.406403e-13 7.416989e-13 3.845280e-13 3.753742e-14 1.841066e-13 1.109648e-12 8.050483e-13 8.321401e-14 1.066477e-12 8.886152e-13 6.250626e-14 9.072694e-14 5.208148e-13 6.637120e-13 
7.443279e-13 2.604985e-13 1.694864e-12 4.704519e-12 1.984122e-12 6.261972e-13 1.932909e-12 7.654474e-13 8.999658e-14 4.937674e-13 3.071999e-12 2.486057e-12 5.706139e-13 3.151999e-12 2.418995e-12 1.889615e-13 1.686749e-13 1.127012e-12 1.824475e-12 4.241418e-13 2.998990e-12 4.368578e-12 9.059450e-13 4.260812e-13 7.232069e-13 7.443279e-13 2.604985e-13 1.694864e-12 4.704519e-12 1.984122e-12 6.261972e-13 1.932909e-12 7.654474e-13 8.999658e-14 4.937674e-13 3.071999e-12 2.486057e-12 5.706139e-13 3.151999e-12 2.418995e-12 1.889615e-13 1.686749e-13 1.127012e-12 1.824475e-12 
2.024639e-13 7.085957e-13 2.097996e-12 3.351165e-12 2.415332e-12 1.311015e-12 1.023156e-12 4.606501e-13 2.612842e-13 9.059703e-13 2.110736e-12 2.182067e-12 1.771664e-12 2.310410e-12 1.845825e-12 6.558131e-13 2.401361e-13 6.056831e-13 1.106015e-12 1.467682e-12 2.795859e-12 3.217738e-12 1.661271e-12 5.256364e-13 1.452721e-13 2.024639e-13 7.085957e-13 2.097996e-12 3.351165e-12 2.415332e-12 1.311015e-12 1.023156e-12 4.606501e-13 2.612842e-13 9.059703e-13 2.110736e-12 2.182067e-12 1.771664e-12 2.310410e-12 1.845825e-12 6.558131e-13 2.401361e-13 6.056830e-13 1.106015e-12 
1.995668e-13 1.384962e-12 2.023445e-12 2.632131e-13 2.139842e-12 1.965855e-12 9.684977e-15 6.697338e-13 8.504725e-13 1.552515e-12 3.939634e-13 1.095489e-12 2.839296e-12 4.890425e-13 8.042900e-13 1.443380e-12 7.851094e-13 4.865645e-13 2.053151e-13 2.496859e-12 1.485589e-12 4.872908e-13 2.261750e-12 8.878775e-13 2.206684e-13 1.995668e-13 1.384962e-12 2.023445e-12 2.632130e-13 2.139842e-12 1.965855e-12 9.684979e-15 6.697338e-13 8.504725e-13 1.552515e-12 3.939634e-13 1.095489e-12 2.839296e-12 4.890425e-13 8.042900e-13 1.443380e-12 7.851094e-13 4.865645e-13 2.053151e-13 
1.261002e-12 1.730593e-12 2.060039e-12 1.042100e-12 2.136812e-12 2.095195e-12 1.116286e-12 1.508448e-12 1.413318e-12 1.828897e-12 1.237205e-12 1.598613e-12 2.586183e-12 1.261492e-12 1.469018e-12 1.739873e-12 1.419059e-12 1.430956e-12 1.189017e-12 2.379123e-12 1.752764e-12 1.173322e-12 2.196383e-12 1.484145e-12 1.320356e-12 1.261002e-12 1.730593e-12 2.060039e-12 1.042100e-12 2.136812e-12 2.095195e-12 1.116286e-12 1.508448e-12 1.413318e-12 1.828897e-12 1.237205e-12 1.598613e-12 2.586183e-12 1.261492e-12 1.469018e-12 1.739873e-12 1.419059e-12 1.430956e-12 1.189017e-12 
1.705742e-12 1.346675e-12 1.748524e-12 3.668757e-12 2.014317e-12 1.498802e-12 2.413709e-12 1.494700e-12 1.282659e-12 1.211886e-12 2.763124e-12 2.575932e-12 1.296478e-12 2.990190e-12 2.299133e-12 1.136530e-12 1.301899e-12 1.718309e-12 2.394295e-12 1.260232e-12 2.635228e-12 3.423765e-12 1.341474e-12 1.543463e-12 1.631300e-12 1.705742e-12 1.346676e-12 1.748524e-12 3.668757e-12 2.014317e-12 1.498802e-12 2.413709e-12 1.494700e-12 1.282659e-12 1.211886e-12 2.763124e-12 2.575932e-12 1.296478e-12 2.990190e-12 2.299133e-12 1.136530e-12 1.301899e-12 1.718309e-12 2.394295e-12 
8.505019e-13 6.256089e-13 7.945018e-13 3.069346e-12 1.102682e-12 6.521558e-13 1.668400e-12 4.922612e-13 6.426953e-13 3.126678e-13 1.963559e-12 1.850333e-12 2.790742e-13 2.338223e-12 1.398686e-12 3.397593e-13 5.915489e-13 7.105068e-13 1.711860e-12 3.154630e-13 1.840974e-12 2.760925e-12 3.774578e-13 8.779723e-13 6.675836e-13 8.505019e-13 6.256089e-13 7.945018e-13 3.069346e-12 1.102682e-12 6.521558e-13 1.668400e-12 4.922612e-13 6.426953e-13 3.126678e-13 1.963559e-12 1.850333e-12 2.790742e-13 2.338223e-12 1.398686e-12 3.397593e-13 5.915489e-13 7.105068e-13 1.711860e-12 
1.269018e-13 1.536121e-13 5.606423e-14 4.984953e-13 1.356099e-13 1.246949e-13 2.854496e-13 2.886153e-15 1.726626e-13 1.134383e-14 2.751718e-13 3.239089e-13 1.035724e-14 4.103615e-13 1.539438e-13 6.064304e-14 1.368354e-13 3.219929e-14 3.239701e-13 3.712767e-14 2.738078e-13 4.291291e-13 2.932593e-15 2.125098e-13 5.547845e-14 1.269018e-13 1.536121e-13 5.606422e-14 4.984953e-13 1.356099e-13 1.246949e-13 2.854496e-13 2.886154e-15 1.726626e-13 1.134383e-14 2.751718e-13 3.239089e-13 1.035724e-14 4.103615e-13 1.539438e-13 6.064305e-14 1.368354e-13 3.219929e-14 3.239701e-13 
2.727988e-13 2.036166e-14 2.487840e-13 3.602907e-13 1.577490e-13 2.625832e-15 2.606655e-13 3.695533e-13 6.507931e-14 2.164528e-13 3.891109e-13 1.333676e-13 3.901506e-15 2.075094e-13 3.956999e-13 1.330354e-13 1.249489e-13 4.034413e-13 1.699124e-13 8.610565e-15 2.221348e-13 3.698602e-13 1.728216e-13 3.811815e-14 3.516955e-13 2.727988e-13 2.036166e-14 2.487840e-13 3.602907e-13 1.577490e-13 2.625832e-15 2.606655e-13 3.695533e-13 6.507931e-14 2.164528e-13 3.891109e-13 1.333676e-13 3.901506e-15 2.075094e-13 3.956999e-13 1.330354e-13 1.249489e-13 4.034413e-13 1.699124e-13 
3.585178e-13 6.920606e-14 8.591437e-13 2.002736e-12 8.191830e-13 1.221395e-13 7.620973e-13 5.095891e-13 9.245514e-14 3.987824e-13 1.393370e-12 8.996272e-13 1.039830e-13 1.208305e-12 1.191095e-12 2.195989e-13 1.533240e-13 6.443109e-13 6.451199e-13 7.917168e-14 1.247281e-12 1.902024e-12 5.032540e-13 1.129170e-13 4.073030e-13 3.585178e-13 6.920606e-14 8.591437e-13 2.002736e-12 8.191830e-13 1.221395e-13 7.620973e-13 5.095891e-13 9.245514e-14 3.987824e-13 1.393370e-12 8.996272e-13 1.039830e-13 1.208305e-12 1.191095e-12 2.195989e-13 1.533240e-13 6.443109e-13 6.451199e-13 
4.877118e-14 2.963492e-13 1.131542e-12 1.792416e-12 1.120688e-12 4.251437e-13 4.109627e-13 2.865754e-13 2.173123e-13 5.915254e-13 1.139539e-12 9.217428e-13 5.921271e-13 1.053555e-12 1.044038e-12 4.524110e-13 2.016691e-13 3.343748e-13 4.026754e-13 5.138851e-13 1.372150e-12 1.742894e-12 8.739876e-13 1.914655e-13 3.227690e-14 4.877117e-14 2.963492e-13 1.131542e-12 1.792416e-12 1.120688e-12 4.251437e-13 4.109627e-13 2.865754e-13 2.173123e-13 5.915254e-13 1.139539e-12 9.217428e-13 5.921271e-13 1.053555e-12 1.044038e-12 4.524110e-13 2.016691e-13 3.343748e-13 4.026754e-13 
1.836587e-13 6.556990e-13 1.113728e-12 2.142647e-13 1.008445e-12 8.087082e-13 9.432548e-15 5.286605e-13 5.136090e-13 9.483312e-13 3.334991e-13 4.145386e-13 1.198918e-12 1.713192e-13 5.855593e-13 8.569862e-13 5.045990e-13 4.262362e-13 3.371293e-14 1.085706e-12 7.198009e-13 3.521534e-13 1.198505e-12 4.063533e-13 2.408421e-13 1.836587e-13 6.556990e-13 1.113728e-12 2.142647e-13 1.008445e-12 8.087082e-13 9.432549e-15 5.286605e-13 5.136090e-13 9.483312e-13 3.334991e-13 4.145386e-13 1.198918e-12 1.713192e-13 5.855593e-13 8.569862e-13 5.045990e-13 4.262362e-13 3.371294e-14 
8.190502e-13 8.762519e-13 1.099800e-12 5.394688e-13 1.042516e-12 9.935021e-13 6.683880e-13 1.001026e-12 7.855109e-13 1.053851e-12 7.491210e-13 7.517575e-13 1.211906e-12 6.164658e-13 8.995371e-13 9.736762e-13 8.256655e-13 9.668851e-13 6.402365e-13 1.136497e-12 8.569382e-13 6.264778e-13 1.154275e-12 7.690013e-13 9.036340e-13 8.190502e-13 8.762519e-13 1.099800e-12 5.394688e-13 1.042516e-12 9.935021e-13 6.683880e-13 1.001026e-12 7.855109e-13 1.053851e-12 7.491210e-13 7.517575e-13 1.211906e-12 6.164658e-13 8.995371e-13 9.736761e-13 8.256655e-13 9.668851e-13 6.402365e-13 
9.878506e-13 7.743488e-13 9.431364e-13 2.467291e-12 1.153841e-12 8.277171e-13 1.536966e-12 7.656163e-13 7.648169e-13 5.932468e-13 1.745781e-12 1.646295e-12 6.035160e-13 1.974539e-12 1.369276e-12 5.855838e-13 7.499588e-13 9.244651e-13 1.549091e-12 6.103120e-13 1.646813e-12 2.264215e-12 6.509036e-13 9.441135e-13 8.890297e-13 9.878506e-13 7.743488e-13 9.431364e-13 2.467291e-12 1.153841e-12 8.277171e-13 1.536966e-12 7.656163e-13 7.648169e-13 5.932468e-13 1.745780e-12 1.646295e-12 6.035160e-13 1.974539e-12 1.369276e-12 5.855839e-13 7.499588e-13 9.244651e-13 1.549091e-12 
5.393133e-13 4.919774e-13 5.183595e-13 2.732431e-12 8.581984e-13 4.923631e-13 1.358669e-12 1.290308e-13 5.093628e-13 7.391130e-14 1.595911e-12 1.614089e-12 9.940573e-14 2.065818e-12 1.030490e-12 1.602341e-13 4.133373e-13 3.186121e-13 1.457589e-12 1.497371e-13 1.566894e-12 2.418688e-12 1.470124e-13 7.318106e-13 3.003337e-13 5.393133e-13 4.919774e-13 5.183595e-13 2.732431e-12 8.581984e-13 4.923631e-13 1.358669e-12 1.290308e-13 5.093628e-13 7.391130e-14 1.595911e-12 1.614089e-12 9.940573e-14 2.065818e-12 1.030490e-12 1.602341e-13 4.133373e-13 3.186121e-13 1.457589e-12 
2.710441e-13 2.568638e-13 1.817370e-13 9.637120e-13 3.056843e-13 2.298593e-13 5.493592e-13 9.286647e-14 2.805301e-13 6.885527e-14 5.798751e-13 6.080007e-13 5.744969e-14 7.684893e-13 3.744786e-13 1.219599e-13 2.382032e-13 1.552299e-13 5.926913e-13 9.077320e-14 5.544215e-13 8.484647e-13 6.649378e-14 3.551204e-13 1.736368e-13 2.710441e-13 2.568638e-13 1.817369e-13 9.637120e-13 3.056843e-13 2.298593e-13 5.493592e-13 9.286647e-14 2.805301e-13 6.885527e-14 5.798751e-13 6.080007e-13 5.744969e-14 7.684893e-13 3.744786e-13 1.219599e-13 2.382032e-13 1.552299e-13 5.926913e-13 
3.348607e-13 1.263373e-13 2.653837e-13 1.963870e-14 1.259973e-13 7.954212e-14 1.857198e-13 4.643197e-13 1.846421e-13 3.430381e-13 2.319703e-13 8.437921e-15 1.125580e-13 7.231136e-15 3.236825e-13 2.736779e-13 2.445387e-13 4.590153e-13 9.517731e-14 1.251775e-13 7.417478e-14 7.445544e-14 2.669250e-13 1.135607e-13 4.310670e-13 3.348607e-13 1.263373e-13 2.653837e-13 1.963870e-14 1.259973e-13 7.954212e-14 1.857198e-13 4.643197e-13 1.846421e-13 3.430381e-13 2.319703e-13 8.437919e-15 1.125580e-13 7.231137e-15 3.236825e-13 2.736779e-13 2.445387e-13 4.590153e-13 9.517731e-14 
2.157733e-13 7.408685e-14 5.755572e-13 8.269197e-13 3.987213e-13 3.478644e-15 2.651378e-13 4.306332e-13 1.659734e-13 4.350185e-13 6.724733e-13 2.618572e-13 2.631223e-14 3.875142e-13 6.827055e-13 3.168441e-13 2.106584e-13 4.550937e-13 1.585715e-13 4.648279e-14 5.412680e-13 8.367241e-13 4.262658e-13 4.683360e-14 2.882822e-13 2.157733e-13 7.408685e-14 5.755573e-13 8.269197e-13 3.987213e-13 3.478643e-15 2.651378e-13 4.306332e-13 1.659734e-13 4.350186e-13 6.724733e-13 2.618572e-13 2.631223e-14 3.875142e-13 6.827055e-13 3.168441e-13 2.106584e-13 4.550937e-13 1.585715e-13 
5.242440e-15 1.199644e-13 7.339214e-13 1.235844e-12 5.903022e-13 4.578968e-14 2.022285e-13 2.242772e-13 2.017431e-13 4.535996e-13 7.934830e-13 4.351370e-13 7.179004e-14 5.912712e-13 7.485588e-13 3.593015e-13 1.894348e-13 2.407125e-13 1.521421e-13 9.209748e-14 8.185426e-13 1.210548e-12 5.332993e-13 5.971792e-14 2.848053e-15 5.242440e-15 1.199644e-13 7.339214e-13 1.235844e-12 5.903022e-13 4.578968e-14 2.022285e-13 2.242772e-13 2.017431e-13 4.535996e-13 7.934830e-13 4.351370e-13 7.179004e-14 5.912712e-13 7.485588e-13 3.593015e-13 1.894348e-13 2.407125e-13 1.521421e-13 
1.786884e-13 2.566364e-13 6.679674e-13 3.584701e-13 4.752789e-13 2.150096e-13 7.219400e-14 4.467123e-13 3.011628e-13 6.048715e-13 3.981720e-13 1.510007e-13 3.519305e-13 1.235716e-13 5.327929e-13 5.120138e-13 3.246923e-13 4.051474e-13 7.038548e-15 3.469895e-13 4.206198e-13 4.334254e-13 6.400083e-13 1.469983e-13 2.511256e-13 1.786884e-13 2.566363e-13 6.679674e-13 3.584701e-13 4.752789e-13 2.150097e-13 7.219400e-14 4.467123e-13 3.011628e-13 6.048715e-13 3.981720e-13 1.510007e-13 3.519305e-13 1.235716e-13 5.327929e-13 5.120138e-13 3.246923e-13 4.051474e-13 7.038547e-15 
5.175128e-13 3.894879e-13 5.395128e-13 1.533287e-13 4.147439e-13 3.829119e-13 3.472768e-13 6.670746e-13 4.092564e-13 5.995221e-13 3.919896e-13 2.346641e-13 4.717981e-13 1.853584e-13 5.129127e-13 5.291960e-13 4.636083e-13 6.477529e-13 2.738439e-13 4.615777e-13 3.088016e-13 2.239291e-13 5.670885e-13 3.458094e-13 6.131012e-13 5.175128e-13 3.894879e-13 5.395128e-13 1.533287e-13 4.147439e-13 3.829119e-13 3.472768e-13 6.670747e-13 4.092564e-13 5.995221e-13 3.919896e-13 2.346641e-13 4.717981e-13 1.853584e-13 5.129127e-13 5.291960e-13 4.636083e-13 6.477529e-13 2.738439e-13 
5.405661e-13 4.455501e-13 4.583112e-13 1.600231e-12 6.243411e-13 4.437632e-13 9.478548e-13 3.299579e-13 4.614653e-13 2.456700e-13 1.051383e-12 1.028040e-12 2.334178e-13 1.269650e-12 7.613323e-13 2.800762e-13 4.260747e-13 4.351733e-13 9.819278e-13 2.611158e-13 9.915557e-13 1.440611e-12 2.635391e-13 5.810146e-13 4.340993e-13 5.405661e-13 4.455501e-13 4.583112e-13 1.600231e-12 6.243411e-13 4.437632e-13 9.478548e-13 3.299579e-13 4.614653e-13 2.456700e-13 1.051383e-12 1.028040e-12 2.334178e-13 1.269650e-12 7.613323e-13 2.800762e-13 4.260747e-13 4.351733e-13 9.819278e-13 
2.220971e-13 2.260509e-13 2.169416e-13 1.314301e-12 3.917292e-13 2.220971e-13 6.318883e-13 8.860500e-15 2.348442e-13 6.689351e-16 7.414079e-13 7.709303e-13 2.249539e-14 9.911368e-13 4.586662e-13 5.307276e-14 1.798454e-13 9.916115e-14 6.899704e-13 4.986492e-14 7.414079e-13 1.156630e-12 3.843666e-14 3.440171e-13 9.389132e-14 2.220971e-13 2.260509e-13 2.169416e-13 1.314301e-12 3.917292e-13 2.220971e-13 6.318883e-13 8.860500e-15 2.348442e-13 6.689351e-16 7.414079e-13 7.709303e-13 2.249539e-14 9.911369e-13 4.586662e-13 5.307276e-14 1.798454e-13 9.916114e-14 6.899704e-13 
